timestamp,file,path,mode,base_acquisition,right_acquisition,base_dtilt_deg,right_dtilt_deg,base_radius_scale,right_radius_scale,sun_residual_diff_deg,center_zenith_diff_from_sun_deg,center_zenith_diff_from_moog_actual_deg,moog_minus_sun_diff_deg,moog_abs_error_deg,base_center_zenith_from_moog_deg,right_center_zenith_from_moog_deg,base_center_zenith_from_sun_deg,right_center_zenith_from_sun_deg,fov_center_y_px,pixel_only_diff_deg,tilt_term_deg,tilt_source,sun_alt_term_deg,base_tilt_deg,right_tilt_deg,base_sun_alt_deg,right_sun_alt_deg,base_x_px,base_y_px,base_radius_px,base_rmse_px,base_sun_candidate,base_fit_method,right_x_px,right_y_px,right_radius_px,right_rmse_px,right_sun_candidate,right_fit_method
2026-06-02T14:12:18,MeinelRoof_20260602_10_33_16.h5,/Volumes/LaCie/Data/2026_06_02/MeinelRoof_20260602_10_33_16.h5,p0,Aquistion_0,calibration_acqui_down_1p5,0.000000000,-1.500000000,1.381818182,1.000000000,-0.081887498,0.881887498,0.800000000,-0.081887498,0.081887498,26.100000000,26.900000000,25.607597229,26.489484727,1424.000000000,-1.450089278,0.800000000,Moog Actual Tilt [deg],0.568201780,63.900000000,63.100000000,63.913042379,64.481244159,2716.211359728,1663.680196092,825.975230383,247.674335329,False,free_filled_mask+manual_radius_scale,3179.188885709,938.635556938,825.975230383,35.372709550,False,completed_disk_centroid_from_arc
2026-06-02T14:12:19,MeinelRoof_20260602_10_33_16.h5,/Volumes/LaCie/Data/2026_06_02/MeinelRoof_20260602_10_33_16.h5,p0,Aquistion_0,calibration_acqui_down_1,0.000000000,-1.000000000,1.381818182,1.000000000,-0.088568758,0.688568758,0.600000000,-0.088568758,0.088568758,26.100000000,26.700000000,25.607597229,26.296165987,1424.000000000,-1.008051412,0.600000000,Moog Actual Tilt [deg],0.319482655,63.900000000,63.300000000,63.913042379,64.232525034,2716.211359728,1663.680196092,825.975230383,247.674335329,False,free_filled_mask+manual_radius_scale,2960.426274492,1159.654489912,825.975230383,61.812838235,False,completed_disk_centroid_from_arc
2026-06-02T14:12:19,MeinelRoof_20260602_10_33_16.h5,/Volumes/LaCie/Data/2026_06_02/MeinelRoof_20260602_10_33_16.h5,p0,Aquistion_0,calibration_acqui_down_0p5,0.000000000,-0.500000000,1.381818182,1.000000000,0.079384619,0.220615381,0.300000000,0.079384619,0.079384619,26.100000000,26.400000000,25.607597229,25.828212610,1424.000000000,-0.323034978,0.300000000,Moog Actual Tilt [deg],0.102419597,63.900000000,63.600000000,63.913042379,64.015461976,2716.211359728,1663.680196092,825.975230383,247.674335329,False,free_filled_mask+manual_radius_scale,2856.968610608,1502.162707153,825.975230383,146.341018457,False,completed_disk_centroid_from_arc
2026-06-02T14:12:20,MeinelRoof_20260602_10_33_16.h5,/Volumes/LaCie/Data/2026_06_02/MeinelRoof_20260602_10_33_16.h5,p0,Aquistion_0,calibration_acqui_up_0p5,0.000000000,0.500000000,1.381818182,1.000000000,-0.079076518,-0.620923482,-0.700000000,-0.079076518,0.079076518,26.100000000,25.400000000,25.607597229,24.986673746,1424.000000000,0.416655251,-0.700000000,Moog Actual Tilt [deg],0.204268232,63.900000000,64.600000000,63.913042379,64.117310611,2716.211359728,1663.680196092,825.975230383,247.674335329,False,free_filled_mask+manual_radius_scale,2998.291343341,1872.007821376,825.975230383,35.446951602,False,completed_disk_centroid_from_arc
2026-06-02T14:12:21,MeinelRoof_20260602_10_33_16.h5,/Volumes/LaCie/Data/2026_06_02/MeinelRoof_20260602_10_33_16.h5,p0,Aquistion_0,calibration_acqui_up_1,0.000000000,1.000000000,1.381818182,1.000000000,-0.336195055,-1.063804945,-1.400000000,-0.336195055,0.336195055,26.100000000,24.700000000,25.607597229,24.543792284,1424.000000000,0.624460275,-1.400000000,Moog Actual Tilt [deg],0.439344670,63.900000000,65.300000000,63.913042379,64.352387049,2716.211359728,1663.680196092,825.975230383,247.674335329,False,free_filled_mask+manual_radius_scale,3047.674042428,1975.910333485,825.975230383,33.408907651,False,completed_disk_centroid_from_arc
2026-06-02T14:12:21,MeinelRoof_20260602_10_33_16.h5,/Volumes/LaCie/Data/2026_06_02/MeinelRoof_20260602_10_33_16.h5,p0,Aquistion_0,calibration_acqui_up_1p5,0.000000000,1.500000000,1.381818182,1.000000000,-0.139926814,-2.060073186,-2.200000000,-0.139926814,0.139926814,26.100000000,23.900000000,25.607597229,23.547524043,1424.000000000,1.346368864,-2.200000000,Moog Actual Tilt [deg],0.713704322,63.900000000,66.100000000,63.913042379,64.626746701,2716.211359728,1663.680196092,825.975230383,247.674335329,False,free_filled_mask+manual_radius_scale,3166.142631336,2336.864627979,825.975230383,74.773992715,False,completed_disk_centroid_from_arc
2026-06-02T14:12:22,MeinelRoof_20260602_11_01_59.h5,/Volumes/LaCie/Data/2026_06_02/MeinelRoof_20260602_11_01_59.h5,p0,Aquistion_0,calibration_acqui_down_1p5,0.000000000,-1.500000000,1.381818182,1.000000000,-0.591037087,1.991037087,1.400000000,-0.591037087,0.591037087,20.400000000,21.800000000,19.136991741,21.128028827,1424.000000000,-2.088322403,1.400000000,Moog Actual Tilt [deg],0.097285316,69.600000000,68.200000000,69.620568627,69.717853943,1386.972853154,2045.219816049,139.770796750,34.211915111,True,free_filled_mask+manual_radius_scale,1456.836195729,1001.058614634,139.770796750,2.883892576,True,completed_disk_centroid_from_arc
2026-06-02T14:12:22,MeinelRoof_20260602_11_01_59.h5,/Volumes/LaCie/Data/2026_06_02/MeinelRoof_20260602_11_01_59.h5,p0,Aquistion_0,calibration_acqui_down_1,0.000000000,-1.000000000,1.381818182,1.000000000,-0.505137098,1.505137098,1.000000000,-0.505137098,0.505137098,20.400000000,21.400000000,19.136991741,20.642128838,1424.000000000,-1.563184512,1.000000000,Moog Actual Tilt [deg],0.058047415,69.600000000,68.600000000,69.620568627,69.678616042,1386.972853154,2045.219816049,139.770796750,34.211915111,True,free_filled_mask+manual_radius_scale,1399.732500328,1263.627559799,139.770796750,2.721103623,True,completed_disk_centroid_from_arc
2026-06-02T14:12:23,MeinelRoof_20260602_11_01_59.h5,/Volumes/LaCie/Data/2026_06_02/MeinelRoof_20260602_11_01_59.h5,p0,Aquistion_0,calibration_acqui_down_0p5,0.000000000,-0.500000000,1.381818182,1.000000000,-0.382407007,0.882407007,0.500000000,-0.382407007,0.382407007,20.400000000,20.900000000,19.136991741,20.019398748,1424.000000000,-0.901601544,0.500000000,Moog Actual Tilt [deg],0.019194536,69.600000000,69.100000000,69.620568627,69.639763164,1386.972853154,2045.219816049,139.770796750,34.211915111,True,free_filled_mask+manual_radius_scale,1378.185110406,1594.419044224,139.770796750,2.802254009,True,completed_disk_centroid_from_arc
2026-06-02T14:12:23,MeinelRoof_20260602_11_01_59.h5,/Volumes/LaCie/Data/2026_06_02/MeinelRoof_20260602_11_01_59.h5,p0,Aquistion_0,calibration_acqui_up_0p5,0.000000000,0.500000000,1.381818182,1.000000000,0.027520550,-0.527520550,-0.500000000,0.027520550,0.027520550,20.400000000,19.900000000,19.136991741,18.609471191,1424.000000000,0.488875654,-0.500000000,Moog Actual Tilt [deg],0.038644896,69.600000000,70.100000000,69.620568627,69.659213523,1386.972853154,2045.219816049,139.770796750,34.211915111,True,free_filled_mask+manual_radius_scale,1399.833983011,2289.657643079,139.770796750,2.812772326,True,completed_disk_centroid_from_arc
2026-06-02T14:12:24,MeinelRoof_20260602_11_01_59.h5,/Volumes/LaCie/Data/2026_06_02/MeinelRoof_20260602_11_01_59.h5,p0,Aquistion_0,calibration_acqui_up_1,0.000000000,1.000000000,1.381818182,1.000000000,-0.037476417,-1.062523583,-1.100000000,-0.037476417,0.037476417,20.400000000,19.300000000,19.136991741,18.074468158,1424.000000000,0.984294267,-1.100000000,Moog Actual Tilt [deg],0.078229316,69.600000000,70.700000000,69.620568627,69.698797943,1386.972853154,2045.219816049,139.770796750,34.211915111,True,free_filled_mask+manual_radius_scale,1450.645440083,2537.366949573,139.770796750,2.686526461,True,completed_disk_centroid_from_arc
2026-06-02T14:12:24,MeinelRoof_20260602_11_01_59.h5,/Volumes/LaCie/Data/2026_06_02/MeinelRoof_20260602_11_01_59.h5,p0,Aquistion_0,calibration_acqui_up_1p5,0.000000000,1.500000000,1.381818182,1.000000000,0.142262302,-1.642262302,-1.500000000,0.142262302,0.142262302,20.400000000,18.900000000,19.136991741,17.494729439,1424.000000000,1.524775394,-1.500000000,Moog Actual Tilt [deg],0.117486908,69.600000000,71.100000000,69.620568627,69.738055535,1386.972853154,2045.219816049,139.770796750,34.211915111,True,free_filled_mask+manual_radius_scale,1463.082847165,2807.607512997,139.770796750,1.522320132,True,completed_disk_centroid_from_arc
2026-06-02T14:12:25,MeinelRoof_20260602_11_03_29.h5,/Volumes/LaCie/Data/2026_06_02/MeinelRoof_20260602_11_03_29.h5,p0,Aquistion_0,calibration_acqui_down_1p5,0.000000000,-1.500000000,1.381818182,1.000000000,0.005062002,1.294937998,1.300000000,0.005062002,0.005062002,20.100000000,21.400000000,19.450863867,20.745801865,1424.000000000,-1.397673416,1.300000000,Moog Actual Tilt [deg],0.102735417,69.900000000,68.600000000,69.907893526,70.010628943,1561.709002123,1744.621303465,157.829619516,38.647866298,True,free_filled_mask+manual_radius_scale,1646.216968146,1045.784595611,157.829619516,1.887159369,True,completed_disk_centroid_from_arc
2026-06-02T14:12:25,MeinelRoof_20260602_11_03_29.h5,/Volumes/LaCie/Data/2026_06_02/MeinelRoof_20260602_11_03_29.h5,p0,Aquistion_0,calibration_acqui_down_1,0.000000000,-1.000000000,1.381818182,1.000000000,0.031821597,0.768178403,0.800000000,0.031821597,0.031821597,20.100000000,20.900000000,19.450863867,20.219042271,1424.000000000,-0.831226341,0.800000000,Moog Actual Tilt [deg],0.063047938,69.900000000,69.100000000,69.907893526,69.970941464,1561.709002123,1744.621303465,157.829619516,38.647866298,True,free_filled_mask+manual_radius_scale,1626.789346979,1329.008132815,157.829619516,2.566279509,True,completed_disk_centroid_from_arc
2026-06-02T14:12:26,MeinelRoof_20260602_11_03_29.h5,/Volumes/LaCie/Data/2026_06_02/MeinelRoof_20260602_11_03_29.h5,p0,Aquistion_0,calibration_acqui_down_0p5,0.000000000,-0.500000000,1.381818182,1.000000000,0.069380733,0.430619267,0.500000000,0.069380733,0.069380733,20.100000000,20.600000000,19.450863867,19.881483134,1424.000000000,-0.455032411,0.500000000,Moog Actual Tilt [deg],0.024413144,69.900000000,69.400000000,69.907893526,69.932306670,1561.709002123,1744.621303465,157.829619516,38.647866298,True,free_filled_mask+manual_radius_scale,1570.678248105,1517.105097867,157.829619516,2.807431482,True,completed_disk_centroid_from_arc
2026-06-02T14:12:26,MeinelRoof_20260602_11_03_29.h5,/Volumes/LaCie/Data/2026_06_02/MeinelRoof_20260602_11_03_29.h5,p0,Aquistion_0,calibration_acqui_up_0p5,0.000000000,0.500000000,1.381818182,1.000000000,0.673870741,-1.073870741,-0.400000000,0.673870741,0.673870741,20.100000000,19.700000000,19.450863867,18.376993127,1424.000000000,1.030041395,-0.400000000,Moog Actual Tilt [deg],0.043829346,69.900000000,70.300000000,69.907893526,69.951722872,1561.709002123,1744.621303465,157.829619516,38.647866298,True,free_filled_mask+manual_radius_scale,1590.975537354,2259.642000847,157.829619516,5.443127326,True,completed_disk_centroid_from_arc
2026-06-02T14:12:27,MeinelRoof_20260602_11_03_29.h5,/Volumes/LaCie/Data/2026_06_02/MeinelRoof_20260602_11_03_29.h5,p0,Aquistion_0,calibration_acqui_up_1,0.000000000,1.000000000,1.381818182,1.000000000,0.565536438,-1.565536438,-1.000000000,0.565536438,0.565536438,20.100000000,19.100000000,19.450863867,17.885327430,1424.000000000,1.482918953,-1.000000000,Moog Actual Tilt [deg],0.082617485,69.900000000,70.900000000,69.907893526,69.990511011,1561.709002123,1744.621303465,157.829619516,38.647866298,True,free_filled_mask+manual_radius_scale,1642.246775064,2486.080779941,157.829619516,6.652725220,True,completed_disk_centroid_from_arc
2026-06-02T14:12:27,MeinelRoof_20260602_11_03_29.h5,/Volumes/LaCie/Data/2026_06_02/MeinelRoof_20260602_11_03_29.h5,p0,Aquistion_0,calibration_acqui_up_1p5,0.000000000,1.500000000,1.381818182,1.000000000,0.862785006,-2.262785006,-1.400000000,0.862785006,0.862785006,20.100000000,18.700000000,19.450863867,17.188078861,1424.000000000,2.139837374,-1.400000000,Moog Actual Tilt [deg],0.122947632,69.900000000,71.300000000,69.907893526,70.030841158,1561.709002123,1744.621303465,157.829619516,38.647866298,True,free_filled_mask+manual_radius_scale,1653.093821144,2814.539990511,157.829619516,1.110117075,True,completed_disk_centroid_from_arc
2026-06-02T14:12:28,MeinelRoof_20260602_11_10_30.h5,/Volumes/LaCie/Data/2026_06_02/MeinelRoof_20260602_11_10_30.h5,p0,Aquistion_0,calibration_acqui_down_1p5,0.000000000,-1.500000000,1.381818182,1.000000000,-0.418152631,1.818152631,1.400000000,-0.418152631,0.418152631,18.800000000,20.200000000,17.624635449,19.442788080,1424.000000000,-1.915873521,1.400000000,Moog Actual Tilt [deg],0.097720890,71.200000000,69.800000000,71.235649931,71.333370821,976.440883249,1993.857310094,197.605705653,48.391530424,True,free_filled_mask+manual_radius_scale,1086.505748475,1035.920549571,197.605705653,3.671928889,True,completed_disk_centroid_from_arc
2026-06-02T14:12:28,MeinelRoof_20260602_11_10_30.h5,/Volumes/LaCie/Data/2026_06_02/MeinelRoof_20260602_11_10_30.h5,p0,Aquistion_0,calibration_acqui_down_1,0.000000000,-1.000000000,1.381818182,1.000000000,-0.446228967,1.446228967,1.000000000,-0.446228967,0.446228967,18.800000000,19.800000000,17.624635449,19.070864416,1424.000000000,-1.504690737,1.000000000,Moog Actual Tilt [deg],0.058461770,71.200000000,70.200000000,71.235649931,71.294111700,976.440883249,1993.857310094,197.605705653,48.391530424,True,free_filled_mask+manual_radius_scale,1069.168951522,1241.511941821,197.605705653,4.369776251,True,completed_disk_centroid_from_arc
2026-06-02T14:12:29,MeinelRoof_20260602_11_10_30.h5,/Volumes/LaCie/Data/2026_06_02/MeinelRoof_20260602_11_10_30.h5,p0,Aquistion_0,calibration_acqui_down_0p5,0.000000000,-0.500000000,1.381818182,1.000000000,-0.397775234,0.897775234,0.500000000,-0.397775234,0.397775234,18.800000000,19.300000000,17.624635449,18.522410684,1424.000000000,-0.917767233,0.500000000,Moog Actual Tilt [deg],0.019991999,71.200000000,70.700000000,71.235649931,71.255641930,976.440883249,1993.857310094,197.605705653,48.391530424,True,free_filled_mask+manual_radius_scale,1028.766578683,1534.973693352,197.605705653,7.190171556,True,completed_disk_centroid_from_arc
2026-06-02T14:12:30,MeinelRoof_20260602_11_10_30.h5,/Volumes/LaCie/Data/2026_06_02/MeinelRoof_20260602_11_10_30.h5,p0,Aquistion_0,calibration_acqui_up_0p5,0.000000000,0.500000000,1.381818182,1.000000000,-0.040281647,-0.459718353,-0.500000000,-0.040281647,0.040281647,18.800000000,18.300000000,17.624635449,17.164917096,1424.000000000,0.419964495,-0.500000000,Moog Actual Tilt [deg],0.039753858,71.200000000,71.700000000,71.235649931,71.275403788,976.440883249,1993.857310094,197.605705653,48.391530424,True,free_filled_mask+manual_radius_scale,1053.716209895,2203.839557640,197.605705653,5.667669854,True,completed_disk_centroid_from_arc
2026-06-02T14:12:30,MeinelRoof_20260602_11_10_30.h5,/Volumes/LaCie/Data/2026_06_02/MeinelRoof_20260602_11_10_30.h5,p0,Aquistion_0,calibration_acqui_up_1,0.000000000,1.000000000,1.381818182,1.000000000,0.047857415,-1.147857415,-1.100000000,0.047857415,0.047857415,18.800000000,17.700000000,17.624635449,16.476778034,1424.000000000,1.069546424,-1.100000000,Moog Actual Tilt [deg],0.078310990,71.200000000,72.300000000,71.235649931,71.313960921,976.440883249,1993.857310094,197.605705653,48.391530424,True,free_filled_mask+manual_radius_scale,1082.499352466,2528.630522267,197.605705653,8.312668262,True,completed_disk_centroid_from_arc
2026-06-02T14:12:31,MeinelRoof_20260602_11_10_30.h5,/Volumes/LaCie/Data/2026_06_02/MeinelRoof_20260602_11_10_30.h5,p0,Aquistion_0,calibration_acqui_up_1p5,0.000000000,1.500000000,1.381818182,1.000000000,0.161191962,-1.761191962,-1.600000000,0.161191962,0.161191962,18.800000000,17.200000000,17.624635449,15.863443487,1424.000000000,1.642685326,-1.600000000,Moog Actual Tilt [deg],0.118506636,71.200000000,72.800000000,71.235649931,71.354156567,976.440883249,1993.857310094,197.605705653,48.391530424,True,free_filled_mask+manual_radius_scale,1096.795184652,2815.199972959,197.605705653,2.803301655,True,completed_disk_centroid_from_arc
2026-06-02T14:12:31,MeinelRoof_20260602_11_11_57.h5,/Volumes/LaCie/Data/2026_06_02/MeinelRoof_20260602_11_11_57.h5,p0,Aquistion_0,calibration_acqui_down_1p5,0.000000000,-1.500000000,1.381818182,1.000000000,-0.232400406,1.432400406,1.200000000,-0.232400406,0.232400406,18.700000000,19.900000000,17.840162861,19.272563267,1424.000000000,-1.532430988,1.200000000,Moog Actual Tilt [deg],0.100030582,71.300000000,70.100000000,71.505899725,71.605930307,1215.298547163,1750.968706834,198.685854357,48.660111094,True,free_filled_mask+manual_radius_scale,1312.739652089,984.753212839,198.685854357,3.516230895,True,completed_disk_centroid_from_arc
2026-06-02T14:12:32,MeinelRoof_20260602_11_11_57.h5,/Volumes/LaCie/Data/2026_06_02/MeinelRoof_20260602_11_11_57.h5,p0,Aquistion_0,calibration_acqui_down_1,0.000000000,-1.000000000,1.381818182,1.000000000,-0.244950255,0.944950255,0.700000000,-0.244950255,0.244950255,18.700000000,19.400000000,17.840162861,18.785113116,1424.000000000,-1.006006449,0.700000000,Moog Actual Tilt [deg],0.061056195,71.300000000,70.600000000,71.505899725,71.566955920,1215.298547163,1750.968706834,198.685854357,48.660111094,True,free_filled_mask+manual_radius_scale,1276.509706625,1247.965482200,198.685854357,3.723901748,True,completed_disk_centroid_from_arc
2026-06-02T14:12:32,MeinelRoof_20260602_11_11_57.h5,/Volumes/LaCie/Data/2026_06_02/MeinelRoof_20260602_11_11_57.h5,p0,Aquistion_0,calibration_acqui_down_0p5,0.000000000,-0.500000000,1.381818182,1.000000000,-0.245007237,0.445007237,0.200000000,-0.245007237,0.245007237,18.700000000,18.900000000,17.840162861,18.285170098,1424.000000000,-0.468546719,0.200000000,Moog Actual Tilt [deg],0.023539482,71.300000000,71.100000000,71.505899725,71.529439207,1215.298547163,1750.968706834,198.685854357,48.660111094,True,free_filled_mask+manual_radius_scale,1278.001160826,1516.695347273,198.685854357,5.282318289,True,completed_disk_centroid_from_arc
2026-06-02T14:12:33,MeinelRoof_20260602_11_11_57.h5,/Volumes/LaCie/Data/2026_06_02/MeinelRoof_20260602_11_11_57.h5,p0,Aquistion_0,calibration_acqui_up_0p5,0.000000000,0.500000000,1.381818182,1.000000000,0.297249499,-0.997249499,-0.700000000,0.297249499,0.297249499,18.700000000,18.000000000,17.840162861,16.842913362,1424.000000000,0.954755993,-0.700000000,Moog Actual Tilt [deg],0.042493506,71.300000000,72.000000000,71.505899725,71.548393231,1215.298547163,1750.968706834,198.685854357,48.660111094,True,free_filled_mask+manual_radius_scale,1278.232118126,2228.346703514,198.685854357,4.911050423,True,completed_disk_centroid_from_arc
2026-06-02T14:12:33,MeinelRoof_20260602_11_11_57.h5,/Volumes/LaCie/Data/2026_06_02/MeinelRoof_20260602_11_11_57.h5,p0,Aquistion_0,calibration_acqui_up_1,0.000000000,1.000000000,1.381818182,1.000000000,0.385821100,-1.585821100,-1.200000000,0.385821100,0.385821100,18.700000000,17.500000000,17.840162861,16.254341762,1424.000000000,1.505003465,-1.200000000,Moog Actual Tilt [deg],0.080817634,71.300000000,72.500000000,71.505899725,71.586717360,1215.298547163,1750.968706834,198.685854357,48.660111094,True,free_filled_mask+manual_radius_scale,1289.911606969,2503.470439361,198.685854357,6.831149416,True,completed_disk_centroid_from_arc
2026-06-02T14:12:34,MeinelRoof_20260602_11_11_57.h5,/Volumes/LaCie/Data/2026_06_02/MeinelRoof_20260602_11_11_57.h5,p0,Aquistion_0,calibration_acqui_up_1p5,0.000000000,1.500000000,1.381818182,1.000000000,0.445249101,-2.345249101,-1.900000000,0.445249101,0.445249101,18.700000000,16.800000000,17.840162861,15.494913760,1424.000000000,2.224484145,-1.900000000,Moog Actual Tilt [deg],0.120764956,71.300000000,73.200000000,71.505899725,71.626664681,1215.298547163,1750.968706834,198.685854357,48.660111094,True,free_filled_mask+manual_radius_scale,1317.984575338,2863.210779358,198.685854357,2.522694744,True,completed_disk_centroid_from_arc
2026-06-02T14:12:34,MeinelRoof_20260602_11_13_25.h5,/Volumes/LaCie/Data/2026_06_02/MeinelRoof_20260602_11_13_25.h5,p0,Aquistion_0,calibration_acqui_down_1p5,0.000000000,-1.500000000,1.381818182,1.000000000,-0.160788571,1.360788571,1.200000000,-0.160788571,0.160788571,18.500000000,19.700000000,17.585384885,18.946173456,1424.000000000,-1.461081742,1.200000000,Moog Actual Tilt [deg],0.100293170,71.500000000,70.300000000,71.777576799,71.877869970,1448.315926359,1742.519157793,198.539008054,48.629198621,True,free_filled_mask+manual_radius_scale,1550.292678362,1011.978287010,198.539008054,3.085310033,True,completed_disk_centroid_from_arc
2026-06-02T14:12:35,MeinelRoof_20260602_11_13_25.h5,/Volumes/LaCie/Data/2026_06_02/MeinelRoof_20260602_11_13_25.h5,p0,Aquistion_0,calibration_acqui_down_1,0.000000000,-1.000000000,1.381818182,1.000000000,-0.225356299,0.825356299,0.600000000,-0.225356299,0.225356299,18.500000000,19.100000000,17.585384885,18.410741184,1424.000000000,-0.886883719,0.600000000,Moog Actual Tilt [deg],0.061527420,71.500000000,70.900000000,71.777576799,71.839104219,1448.315926359,1742.519157793,198.539008054,48.629198621,True,free_filled_mask+manual_radius_scale,1495.904792635,1299.077298465,198.539008054,3.839106369,True,completed_disk_centroid_from_arc
2026-06-02T14:12:35,MeinelRoof_20260602_11_13_25.h5,/Volumes/LaCie/Data/2026_06_02/MeinelRoof_20260602_11_13_25.h5,p0,Aquistion_0,calibration_acqui_down_0p5,0.000000000,-0.500000000,1.381818182,1.000000000,-0.119962414,0.319962414,0.200000000,-0.119962414,0.119962414,18.500000000,18.700000000,17.585384885,17.905347299,1424.000000000,-0.343384518,0.200000000,Moog Actual Tilt [deg],0.023422104,71.500000000,71.300000000,71.777576799,71.800998903,1448.315926359,1742.519157793,198.539008054,48.629198621,True,free_filled_mask+manual_radius_scale,1465.834642812,1570.826899039,198.539008054,5.409198899,True,completed_disk_centroid_from_arc
2026-06-02T14:12:36,MeinelRoof_20260602_11_13_25.h5,/Volumes/LaCie/Data/2026_06_02/MeinelRoof_20260602_11_13_25.h5,p0,Aquistion_0,calibration_acqui_up_0p5,0.000000000,0.500000000,1.381818182,1.000000000,0.158235809,-1.058235809,-0.900000000,0.158235809,0.158235809,18.500000000,17.600000000,17.585384885,16.527149076,1424.000000000,1.016028682,-0.900000000,Moog Actual Tilt [deg],0.042207126,71.500000000,72.400000000,71.777576799,71.819783926,1448.315926359,1742.519157793,198.539008054,48.629198621,True,free_filled_mask+manual_radius_scale,1498.321947314,2250.533498895,198.539008054,5.202868316,True,completed_disk_centroid_from_arc
2026-06-02T14:12:37,MeinelRoof_20260602_11_13_25.h5,/Volumes/LaCie/Data/2026_06_02/MeinelRoof_20260602_11_13_25.h5,p0,Aquistion_0,calibration_acqui_up_1,0.000000000,1.000000000,1.381818182,1.000000000,0.296224032,-1.696224032,-1.400000000,0.296224032,0.296224032,18.500000000,17.100000000,17.585384885,15.889160853,1424.000000000,1.615082712,-1.400000000,Moog Actual Tilt [deg],0.081141320,71.500000000,72.900000000,71.777576799,71.858718119,1448.315926359,1742.519157793,198.539008054,48.629198621,True,free_filled_mask+manual_radius_scale,1528.728741470,2550.060513963,198.539008054,7.602332728,True,completed_disk_centroid_from_arc
2026-06-02T14:12:37,MeinelRoof_20260602_11_13_25.h5,/Volumes/LaCie/Data/2026_06_02/MeinelRoof_20260602_11_13_25.h5,p0,Aquistion_0,calibration_acqui_up_1p5,0.000000000,1.500000000,1.381818182,1.000000000,0.439293223,-2.339293223,-1.900000000,0.439293223,0.439293223,18.500000000,16.600000000,17.585384885,15.246091662,1424.000000000,2.219352430,-1.900000000,Moog Actual Tilt [deg],0.119940793,71.500000000,73.400000000,71.777576799,71.897517592,1448.315926359,1742.519157793,198.539008054,48.629198621,True,free_filled_mask+manual_radius_scale,1554.961463945,2852.195372733,198.539008054,2.592544211,True,completed_disk_centroid_from_arc
2026-06-02T14:12:38,MeinelRoof_20260602_11_14_52.h5,/Volumes/LaCie/Data/2026_06_02/MeinelRoof_20260602_11_14_52.h5,p0,Aquistion_0,calibration_acqui_down_1p5,0.000000000,-1.500000000,1.381818182,1.000000000,-0.063699488,1.463699488,1.400000000,-0.063699488,0.063699488,18.000000000,19.400000000,17.316371078,18.780070565,1424.000000000,-1.564087712,1.400000000,Moog Actual Tilt [deg],0.100388224,72.000000000,70.600000000,72.047524206,72.147912430,1663.787221981,1742.052358091,198.285453796,48.571987989,True,free_filled_mask+manual_radius_scale,1743.687325469,960.008502150,198.285453796,3.269694099,True,completed_disk_centroid_from_arc
2026-06-02T14:12:38,MeinelRoof_20260602_11_14_52.h5,/Volumes/LaCie/Data/2026_06_02/MeinelRoof_20260602_11_14_52.h5,p0,Aquistion_0,calibration_acqui_down_1,0.000000000,-1.000000000,1.381818182,1.000000000,0.016834380,0.883165620,0.900000000,0.016834380,0.016834380,18.000000000,18.900000000,17.316371078,18.199536697,1424.000000000,-0.944304434,0.900000000,Moog Actual Tilt [deg],0.061138814,72.000000000,71.100000000,72.047524206,72.108663020,1663.787221981,1742.052358091,198.285453796,48.571987989,True,free_filled_mask+manual_radius_scale,1721.721684841,1269.900141158,198.285453796,3.308840414,True,completed_disk_centroid_from_arc
2026-06-02T14:12:39,MeinelRoof_20260602_11_14_52.h5,/Volumes/LaCie/Data/2026_06_02/MeinelRoof_20260602_11_14_52.h5,p0,Aquistion_0,calibration_acqui_down_0p5,0.000000000,-0.500000000,1.381818182,1.000000000,0.009459436,0.390540564,0.400000000,0.009459436,0.009459436,18.000000000,18.400000000,17.316371078,17.706911642,1424.000000000,-0.413780260,0.400000000,Moog Actual Tilt [deg],0.023239696,72.000000000,71.600000000,72.047524206,72.070763902,1663.787221981,1742.052358091,198.285453796,48.571987989,True,free_filled_mask+manual_radius_scale,1674.444417899,1535.162228104,198.285453796,5.008713519,True,completed_disk_centroid_from_arc
2026-06-02T14:12:39,MeinelRoof_20260602_11_14_52.h5,/Volumes/LaCie/Data/2026_06_02/MeinelRoof_20260602_11_14_52.h5,p0,Aquistion_0,calibration_acqui_up_0p5,0.000000000,0.500000000,1.381818182,1.000000000,0.497275845,-0.997275845,-0.500000000,0.497275845,0.497275845,18.000000000,17.500000000,17.316371078,16.319095233,1424.000000000,0.955368523,-0.500000000,Moog Actual Tilt [deg],0.041907322,72.000000000,72.500000000,72.047524206,72.089431528,1663.787221981,1742.052358091,198.285453796,48.571987989,True,free_filled_mask+manual_radius_scale,1725.027439111,2219.736619759,198.285453796,5.332188502,True,completed_disk_centroid_from_arc
2026-06-02T14:12:40,MeinelRoof_20260602_11_14_52.h5,/Volumes/LaCie/Data/2026_06_02/MeinelRoof_20260602_11_14_52.h5,p0,Aquistion_0,calibration_acqui_up_1,0.000000000,1.000000000,1.381818182,1.000000000,0.696956413,-1.696956413,-1.000000000,0.696956413,0.696956413,18.000000000,17.000000000,17.316371078,15.619414665,1424.000000000,1.615660967,-1.000000000,Moog Actual Tilt [deg],0.081295446,72.000000000,73.000000000,72.047524206,72.128819652,1663.787221981,1742.052358091,198.285453796,48.571987989,True,free_filled_mask+manual_radius_scale,1737.011424647,2549.882841608,198.285453796,8.156558960,True,completed_disk_centroid_from_arc
2026-06-02T14:12:40,MeinelRoof_20260602_11_14_52.h5,/Volumes/LaCie/Data/2026_06_02/MeinelRoof_20260602_11_14_52.h5,p0,Aquistion_0,calibration_acqui_up_1p5,0.000000000,1.500000000,1.381818182,1.000000000,0.618494999,-2.318494999,-1.700000000,0.618494999,0.618494999,18.000000000,16.300000000,17.316371078,14.997876078,1424.000000000,2.197934862,-1.700000000,Moog Actual Tilt [deg],0.120560137,72.000000000,73.700000000,72.047524206,72.168084343,1663.787221981,1742.052358091,198.285453796,48.571987989,True,free_filled_mask+manual_radius_scale,1769.245046883,2841.019789339,198.285453796,2.531668138,True,completed_disk_centroid_from_arc
2026-06-02T14:12:41,MeinelRoof_20260602_11_16_22.h5,/Volumes/LaCie/Data/2026_06_02/MeinelRoof_20260602_11_16_22.h5,p0,Aquistion_0,calibration_acqui_down_1p5,0.000000000,-1.500000000,1.381818182,1.000000000,0.089088914,1.310911086,1.400000000,0.089088914,0.089088914,17.700000000,19.100000000,17.036571060,18.347482145,1424.000000000,-1.411121407,1.400000000,Moog Actual Tilt [deg],0.100210322,72.300000000,70.900000000,72.319927907,72.420138229,1884.058842472,1745.750516508,197.407910527,48.361762372,True,free_filled_mask+manual_radius_scale,1968.112931362,1040.189812910,197.407910527,2.811617243,True,completed_disk_centroid_from_arc
2026-06-02T14:12:41,MeinelRoof_20260602_11_16_22.h5,/Volumes/LaCie/Data/2026_06_02/MeinelRoof_20260602_11_16_22.h5,p0,Aquistion_0,calibration_acqui_down_1,0.000000000,-1.000000000,1.381818182,1.000000000,0.488978323,0.611021677,1.100000000,0.488978323,0.488978323,17.700000000,18.800000000,17.036571060,17.647592737,1424.000000000,-0.671932477,1.100000000,Moog Actual Tilt [deg],0.060910799,72.300000000,71.200000000,72.319927907,72.380838707,1884.058842472,1745.750516508,197.407910527,48.361762372,True,free_filled_mask+manual_radius_scale,1950.588533599,1409.784278212,197.407910527,4.281318700,True,completed_disk_centroid_from_arc
2026-06-02T14:12:42,MeinelRoof_20260602_11_16_22.h5,/Volumes/LaCie/Data/2026_06_02/MeinelRoof_20260602_11_16_22.h5,p0,Aquistion_0,calibration_acqui_down_0p5,0.000000000,-0.500000000,1.381818182,1.000000000,0.326773599,0.073226401,0.400000000,0.326773599,0.326773599,17.700000000,18.100000000,17.036571060,17.109797461,1424.000000000,-0.096151137,0.400000000,Moog Actual Tilt [deg],0.022924736,72.300000000,71.900000000,72.319927907,72.342852643,1884.058842472,1745.750516508,197.407910527,48.361762372,True,free_filled_mask+manual_radius_scale,1900.065368331,1697.674948115,197.407910527,5.221807066,True,completed_disk_centroid_from_arc
2026-06-02T14:12:42,MeinelRoof_20260602_11_16_22.h5,/Volumes/LaCie/Data/2026_06_02/MeinelRoof_20260602_11_16_22.h5,p0,Aquistion_0,calibration_acqui_up_0p5,0.000000000,0.500000000,1.381818182,1.000000000,0.565600967,-1.065600967,-0.500000000,0.565600967,0.565600967,17.700000000,17.200000000,17.036571060,15.970970092,1424.000000000,1.023450062,-0.500000000,Moog Actual Tilt [deg],0.042150906,72.300000000,72.800000000,72.319927907,72.362078813,1884.058842472,1745.750516508,197.407910527,48.361762372,True,free_filled_mask+manual_radius_scale,1948.681473049,2257.475547381,197.407910527,6.481023267,True,completed_disk_centroid_from_arc
2026-06-02T14:12:43,MeinelRoof_20260602_11_16_22.h5,/Volumes/LaCie/Data/2026_06_02/MeinelRoof_20260602_11_16_22.h5,p0,Aquistion_0,calibration_acqui_up_1,0.000000000,1.000000000,1.381818182,1.000000000,0.593806363,-1.693806363,-1.100000000,0.593806363,0.593806363,17.700000000,16.600000000,17.036571060,15.342764697,1424.000000000,1.613076247,-1.100000000,Moog Actual Tilt [deg],0.080730116,72.300000000,73.400000000,72.319927907,72.400658023,1884.058842472,1745.750516508,197.407910527,48.361762372,True,free_filled_mask+manual_radius_scale,1975.816286418,2552.288639997,197.407910527,9.306983673,True,completed_disk_centroid_from_arc
2026-06-02T14:12:43,MeinelRoof_20260602_11_16_22.h5,/Volumes/LaCie/Data/2026_06_02/MeinelRoof_20260602_11_16_22.h5,p0,Aquistion_0,calibration_acqui_up_1p5,0.000000000,1.500000000,1.381818182,1.000000000,0.687960372,-2.287960372,-1.600000000,0.687960372,0.687960372,17.700000000,16.100000000,17.036571060,14.748610687,1424.000000000,2.168389642,-1.600000000,Moog Actual Tilt [deg],0.119570730,72.300000000,73.900000000,72.319927907,72.439498637,1884.058842472,1745.750516508,197.407910527,48.361762372,True,free_filled_mask+manual_radius_scale,2008.892079969,2829.945337520,197.407910527,2.269897777,True,completed_disk_centroid_from_arc
2026-06-02T14:12:44,MeinelRoof_20260602_12_17_08.h5,/Volumes/LaCie/Data/2026_06_02/MeinelRoof_20260602_12_17_08.h5,p0,Aquistion_0,calibration_acqui_down_1p5,0.000000000,-1.500000000,1.381818182,1.000000000,0.041757830,1.458242170,1.500000000,0.041757830,0.041757830,10.200000000,11.700000000,9.486173075,10.944415245,1424.000000000,-1.469141125,1.500000000,Moog Actual Tilt [deg],0.010898955,79.800000000,78.300000000,79.814221885,79.825120840,1505.391520309,1773.802519866,261.828657176,64.270226735,True,free_filled_mask+manual_radius_scale,1533.328599093,1039.231957403,261.828657176,7.638025492,False,completed_disk_centroid_from_arc
2026-06-02T14:12:44,MeinelRoof_20260602_12_17_08.h5,/Volumes/LaCie/Data/2026_06_02/MeinelRoof_20260602_12_17_08.h5,p0,Aquistion_0,calibration_acqui_down_1,0.000000000,-1.000000000,1.381818182,1.000000000,-0.188040647,1.188040647,1.000000000,-0.188040647,0.188040647,10.200000000,11.200000000,9.486173075,10.674213723,1424.000000000,-1.194954371,1.000000000,Moog Actual Tilt [deg],0.006913724,79.800000000,78.800000000,79.814221885,79.821135609,1505.391520309,1773.802519866,261.828657176,64.270226735,True,free_filled_mask+manual_radius_scale,1526.280803637,1176.325334451,261.828657176,7.587018186,False,completed_disk_centroid_from_arc
2026-06-02T14:12:45,MeinelRoof_20260602_12_17_08.h5,/Volumes/LaCie/Data/2026_06_02/MeinelRoof_20260602_12_17_08.h5,p0,Aquistion_0,calibration_acqui_down_0p5,0.000000000,-0.500000000,1.381818182,1.000000000,-0.095266953,0.595266953,0.500000000,-0.095266953,0.095266953,10.200000000,10.700000000,9.486173075,10.081440029,1424.000000000,-0.597636811,0.500000000,Moog Actual Tilt [deg],0.002369858,79.800000000,79.300000000,79.814221885,79.816591743,1505.391520309,1773.802519866,261.828657176,64.270226735,True,free_filled_mask+manual_radius_scale,1511.777178123,1474.984114351,261.828657176,8.778463444,False,completed_disk_centroid_from_arc
2026-06-02T14:12:46,MeinelRoof_20260602_12_17_08.h5,/Volumes/LaCie/Data/2026_06_02/MeinelRoof_20260602_12_17_08.h5,p0,Aquistion_0,calibration_acqui_up_0p5,0.000000000,0.500000000,1.381818182,1.000000000,0.367356791,-0.867356791,-0.500000000,0.367356791,0.367356791,10.200000000,9.700000000,9.486173075,8.618816284,1424.000000000,0.862682344,-0.500000000,Moog Actual Tilt [deg],0.004674447,79.800000000,80.300000000,79.814221885,79.818896332,1505.391520309,1773.802519866,261.828657176,64.270226735,True,free_filled_mask+manual_radius_scale,1524.575916293,2205.143691987,261.828657176,7.154473047,False,completed_disk_centroid_from_arc
2026-06-02T14:12:46,MeinelRoof_20260602_12_17_08.h5,/Volumes/LaCie/Data/2026_06_02/MeinelRoof_20260602_12_17_08.h5,p0,Aquistion_0,calibration_acqui_up_1,0.000000000,1.000000000,1.381818182,1.000000000,0.317237275,-1.417237275,-1.100000000,0.317237275,0.317237275,10.200000000,9.100000000,9.486173075,8.068935800,1424.000000000,1.408149631,-1.100000000,Moog Actual Tilt [deg],0.009087644,79.800000000,80.900000000,79.814221885,79.823309529,1505.391520309,1773.802519866,261.828657176,64.270226735,True,free_filled_mask+manual_radius_scale,1527.399128685,2477.877335292,261.828657176,5.564065246,False,completed_disk_centroid_from_arc
2026-06-02T14:12:47,MeinelRoof_20260602_12_17_08.h5,/Volumes/LaCie/Data/2026_06_02/MeinelRoof_20260602_12_17_08.h5,p0,Aquistion_0,calibration_acqui_up_1p5,0.000000000,1.500000000,1.381818182,1.000000000,0.383300064,-1.983300064,-1.600000000,0.383300064,0.383300064,10.200000000,8.600000000,9.486173075,7.502873011,1424.000000000,1.970060813,-1.600000000,Moog Actual Tilt [deg],0.013239251,79.800000000,81.400000000,79.814221885,79.827461136,1505.391520309,1773.802519866,261.828657176,64.270226735,True,free_filled_mask+manual_radius_scale,1533.651843060,2758.832926464,261.828657176,7.119004965,False,completed_disk_centroid_from_arc
2026-06-02T14:12:47,MeinelRoof_20260602_12_29_38.h5,/Volumes/LaCie/Data/2026_06_02/MeinelRoof_20260602_12_29_38.h5,p0,Aquistion_0,calibration_acqui_down_1p5,0.000000000,-1.500000000,1.381818182,1.000000000,-0.123869866,1.623869866,1.500000000,-0.123869866,0.123869866,10.400000000,11.900000000,9.908097958,11.531967824,1424.000000000,-1.600122408,1.500000000,Moog Actual Tilt [deg],-0.023747458,79.600000000,78.100000000,79.694709859,79.670962401,1527.653327445,1622.596091645,260.483658906,63.930794165,True,free_filled_mask+manual_radius_scale,1534.504232551,822.534887609,260.483658906,8.037160223,False,completed_disk_centroid_from_arc
2026-06-02T14:12:48,MeinelRoof_20260602_12_29_38.h5,/Volumes/LaCie/Data/2026_06_02/MeinelRoof_20260602_12_29_38.h5,p0,Aquistion_0,calibration_acqui_down_1,0.000000000,-1.000000000,1.381818182,1.000000000,-0.076874395,1.076874395,1.000000000,-0.076874395,0.076874395,10.400000000,11.400000000,9.908097958,10.984972353,1424.000000000,-1.062814147,1.000000000,Moog Actual Tilt [deg],-0.014060248,79.600000000,78.600000000,79.694709859,79.680649611,1527.653327445,1622.596091645,260.483658906,63.930794165,True,free_filled_mask+manual_radius_scale,1521.942126824,1091.189018229,260.483658906,7.682143010,False,completed_disk_centroid_from_arc
2026-06-02T14:12:48,MeinelRoof_20260602_12_29_38.h5,/Volumes/LaCie/Data/2026_06_02/MeinelRoof_20260602_12_29_38.h5,p0,Aquistion_0,calibration_acqui_down_0p5,0.000000000,-0.500000000,1.381818182,1.000000000,-0.041891053,0.541891053,0.500000000,-0.041891053,0.041891053,10.400000000,10.900000000,9.908097958,10.449989011,1424.000000000,-0.536601470,0.500000000,Moog Actual Tilt [deg],-0.005289583,79.600000000,79.100000000,79.694709859,79.689420276,1527.653327445,1622.596091645,260.483658906,63.930794165,True,free_filled_mask+manual_radius_scale,1521.333473558,1354.295356693,260.483658906,8.326419054,False,completed_disk_centroid_from_arc
2026-06-02T14:12:49,MeinelRoof_20260602_12_29_38.h5,/Volumes/LaCie/Data/2026_06_02/MeinelRoof_20260602_12_29_38.h5,p0,Aquistion_0,calibration_acqui_up_0p5,0.000000000,0.500000000,1.381818182,1.000000000,0.408342237,-0.908342237,-0.500000000,0.408342237,0.408342237,10.400000000,9.900000000,9.908097958,8.999755721,1424.000000000,0.918327575,-0.500000000,Moog Actual Tilt [deg],-0.009985338,79.600000000,80.100000000,79.694709859,79.684724521,1527.653327445,1622.596091645,260.483658906,63.930794165,True,free_filled_mask+manual_radius_scale,1550.524262791,2081.759878951,260.483658906,8.483618848,False,completed_disk_centroid_from_arc
2026-06-02T14:12:50,MeinelRoof_20260602_12_29_38.h5,/Volumes/LaCie/Data/2026_06_02/MeinelRoof_20260602_12_29_38.h5,p0,Aquistion_0,calibration_acqui_up_1,0.000000000,1.000000000,1.381818182,1.000000000,0.473876105,-1.473876105,-1.000000000,0.473876105,0.473876105,10.400000000,9.400000000,9.908097958,8.434221853,1424.000000000,1.492748645,-1.000000000,Moog Actual Tilt [deg],-0.018872540,79.600000000,80.600000000,79.694709859,79.675837319,1527.653327445,1622.596091645,260.483658906,63.930794165,True,free_filled_mask+manual_radius_scale,1536.718582328,2368.970414143,260.483658906,5.616469086,False,completed_disk_centroid_from_arc
2026-06-02T14:12:50,MeinelRoof_20260602_12_29_38.h5,/Volumes/LaCie/Data/2026_06_02/MeinelRoof_20260602_12_29_38.h5,p0,Aquistion_0,calibration_acqui_up_1p5,0.000000000,1.500000000,1.381818182,1.000000000,0.553530012,-2.053530012,-1.500000000,0.553530012,0.553530012,10.400000000,8.900000000,9.908097958,7.854567946,1424.000000000,2.082214924,-1.500000000,Moog Actual Tilt [deg],-0.028684912,79.600000000,81.100000000,79.694709859,79.666024946,1527.653327445,1622.596091645,260.483658906,63.930794165,True,free_filled_mask+manual_radius_scale,1534.303440241,2663.703553579,260.483658906,7.300194585,False,completed_disk_centroid_from_arc
2026-06-02T14:12:51,MeinelRoof_20260602_12_33_48.h5,/Volumes/LaCie/Data/2026_06_02/MeinelRoof_20260602_12_33_48.h5,p0,Aquistion_0,calibration_acqui_down_1p5,0.000000000,-1.500000000,1.381818182,1.000000000,-0.044794848,1.544794848,1.500000000,-0.044794848,0.044794848,10.600000000,12.100000000,10.177596371,11.722391219,1424.000000000,-1.510153002,1.500000000,Moog Actual Tilt [deg],-0.034641846,79.400000000,77.900000000,79.491240212,79.456598366,1536.851255414,1589.581708591,260.540210738,63.954608771,True,free_filled_mask+manual_radius_scale,1546.109777736,834.505207641,260.540210738,8.037612260,False,completed_disk_centroid_from_arc
2026-06-02T14:12:51,MeinelRoof_20260602_12_33_48.h5,/Volumes/LaCie/Data/2026_06_02/MeinelRoof_20260602_12_33_48.h5,p0,Aquistion_0,calibration_acqui_down_1,0.000000000,-1.000000000,1.381818182,1.000000000,0.021943754,1.078056246,1.100000000,0.021943754,0.021943754,10.600000000,11.700000000,10.177596371,11.255652617,1424.000000000,-1.056453721,1.100000000,Moog Actual Tilt [deg],-0.021602525,79.400000000,78.300000000,79.491240212,79.469637687,1536.851255414,1589.581708591,260.540210738,63.954608771,True,free_filled_mask+manual_radius_scale,1544.710270627,1061.354848190,260.540210738,7.541232932,False,completed_disk_centroid_from_arc
2026-06-02T14:12:52,MeinelRoof_20260602_12_33_48.h5,/Volumes/LaCie/Data/2026_06_02/MeinelRoof_20260602_12_33_48.h5,p0,Aquistion_0,calibration_acqui_down_0p5,0.000000000,-0.500000000,1.381818182,1.000000000,-0.040084033,0.540084033,0.500000000,-0.040084033,0.040084033,10.600000000,11.100000000,10.177596371,10.717680405,1424.000000000,-0.532296235,0.500000000,Moog Actual Tilt [deg],-0.007787798,79.400000000,78.900000000,79.491240212,79.483452413,1536.851255414,1589.581708591,260.540210738,63.954608771,True,free_filled_mask+manual_radius_scale,1540.864455603,1323.433591043,260.540210738,8.126575574,False,completed_disk_centroid_from_arc
2026-06-02T14:12:52,MeinelRoof_20260602_12_33_48.h5,/Volumes/LaCie/Data/2026_06_02/MeinelRoof_20260602_12_33_48.h5,p0,Aquistion_0,calibration_acqui_up_0p5,0.000000000,0.500000000,1.381818182,1.000000000,0.460650543,-1.060650543,-0.600000000,0.460650543,0.460650543,10.600000000,10.000000000,10.177596371,9.116945828,1424.000000000,1.075316143,-0.600000000,Moog Actual Tilt [deg],-0.014665600,79.400000000,80.000000000,79.491240212,79.476574612,1536.851255414,1589.581708591,260.540210738,63.954608771,True,free_filled_mask+manual_radius_scale,1559.337531374,2127.239779867,260.540210738,8.269226839,False,completed_disk_centroid_from_arc
2026-06-02T14:12:53,MeinelRoof_20260602_12_33_48.h5,/Volumes/LaCie/Data/2026_06_02/MeinelRoof_20260602_12_33_48.h5,p0,Aquistion_0,calibration_acqui_up_1,0.000000000,1.000000000,1.381818182,1.000000000,0.527528659,-1.627528659,-1.100000000,0.527528659,0.527528659,10.600000000,9.500000000,10.177596371,8.550067712,1424.000000000,1.656127116,-1.100000000,Moog Actual Tilt [deg],-0.028598457,79.400000000,80.500000000,79.491240212,79.462641755,1536.851255414,1589.581708591,260.540210738,63.954608771,True,free_filled_mask+manual_radius_scale,1555.944924013,2417.645266794,260.540210738,5.305981256,False,completed_disk_centroid_from_arc
2026-06-02T14:12:53,MeinelRoof_20260602_12_33_48.h5,/Volumes/LaCie/Data/2026_06_02/MeinelRoof_20260602_12_33_48.h5,p0,Aquistion_0,calibration_acqui_up_1p5,0.000000000,1.500000000,1.381818182,1.000000000,0.611608739,-2.211608739,-1.600000000,0.611608739,0.611608739,10.600000000,9.000000000,10.177596371,7.965987632,1424.000000000,2.253355787,-1.600000000,Moog Actual Tilt [deg],-0.041747049,79.400000000,81.000000000,79.491240212,79.449493163,1536.851255414,1589.581708591,260.540210738,63.954608771,True,free_filled_mask+manual_radius_scale,1561.469639406,2716.259602305,260.540210738,7.034256843,False,completed_disk_centroid_from_arc
2026-06-02T14:12:54,MeinelRoof_20260602_12_36_48.h5,/Volumes/LaCie/Data/2026_06_02/MeinelRoof_20260602_12_36_48.h5,p0,Aquistion_0,calibration_acqui_down_1p5,0.000000000,-1.500000000,1.381818182,1.000000000,-0.171622529,1.771622529,1.600000000,-0.171622529,0.171622529,10.700000000,12.300000000,10.195853269,11.967475798,1424.000000000,-1.729586959,1.600000000,Moog Actual Tilt [deg],-0.042035569,79.300000000,77.700000000,79.297596087,79.255560518,1546.435675785,1677.275321568,260.641448525,63.969859822,True,free_filled_mask+manual_radius_scale,1555.022963624,812.481841868,260.641448525,8.049123262,False,completed_disk_centroid_from_arc
2026-06-02T14:12:55,MeinelRoof_20260602_12_36_48.h5,/Volumes/LaCie/Data/2026_06_02/MeinelRoof_20260602_12_36_48.h5,p0,Aquistion_0,calibration_acqui_down_1,0.000000000,-1.000000000,1.381818182,1.000000000,-0.114554262,1.214554262,1.100000000,-0.114554262,0.114554262,10.700000000,11.800000000,10.195853269,11.410407532,1424.000000000,-1.188294868,1.100000000,Moog Actual Tilt [deg],-0.026259395,79.300000000,78.200000000,79.297596087,79.271336692,1546.435675785,1677.275321568,260.641448525,63.969859822,True,free_filled_mask+manual_radius_scale,1561.257939278,1083.127887812,260.641448525,7.451350444,False,completed_disk_centroid_from_arc
2026-06-02T14:12:55,MeinelRoof_20260602_12_36_48.h5,/Volumes/LaCie/Data/2026_06_02/MeinelRoof_20260602_12_36_48.h5,p0,Aquistion_0,calibration_acqui_down_0p5,0.000000000,-0.500000000,1.381818182,1.000000000,-0.174896539,0.774896539,0.600000000,-0.174896539,0.174896539,10.700000000,11.300000000,10.195853269,10.970749809,1424.000000000,-0.765411680,0.600000000,Moog Actual Tilt [deg],-0.009484860,79.300000000,78.700000000,79.297596087,79.288111228,1546.435675785,1677.275321568,260.641448525,63.969859822,True,free_filled_mask+manual_radius_scale,1563.980121418,1294.569481662,260.641448525,7.908176453,False,completed_disk_centroid_from_arc
2026-06-02T14:12:56,MeinelRoof_20260602_12_36_48.h5,/Volumes/LaCie/Data/2026_06_02/MeinelRoof_20260602_12_36_48.h5,p0,Aquistion_0,calibration_acqui_up_0p5,0.000000000,0.500000000,1.381818182,1.000000000,0.132734057,-0.532734057,-0.400000000,0.132734057,0.132734057,10.700000000,10.300000000,10.195853269,9.663119212,1424.000000000,0.550578226,-0.400000000,Moog Actual Tilt [deg],-0.017844169,79.300000000,79.700000000,79.297596087,79.279751918,1546.435675785,1677.275321568,260.641448525,63.969859822,True,free_filled_mask+manual_radius_scale,1554.683990028,1952.564434777,260.641448525,9.404843419,False,completed_disk_centroid_from_arc
2026-06-02T14:12:56,MeinelRoof_20260602_12_36_48.h5,/Volumes/LaCie/Data/2026_06_02/MeinelRoof_20260602_12_36_48.h5,p0,Aquistion_0,calibration_acqui_up_1,0.000000000,1.000000000,1.381818182,1.000000000,0.499741524,-1.399741524,-0.900000000,0.499741524,0.499741524,10.700000000,9.800000000,10.195853269,8.796111746,1424.000000000,1.434471929,-0.900000000,Moog Actual Tilt [deg],-0.034730405,79.300000000,80.200000000,79.297596087,79.262865683,1546.435675785,1677.275321568,260.641448525,63.969859822,True,free_filled_mask+manual_radius_scale,1574.043297923,2394.511285859,260.641448525,5.258416342,False,completed_disk_centroid_from_arc
2026-06-02T14:12:57,MeinelRoof_20260602_12_36_48.h5,/Volumes/LaCie/Data/2026_06_02/MeinelRoof_20260602_12_36_48.h5,p0,Aquistion_0,calibration_acqui_up_1p5,0.000000000,1.500000000,1.381818182,1.000000000,0.582041707,-1.982041707,-1.400000000,0.582041707,0.582041707,10.700000000,9.300000000,10.195853269,8.213811562,1424.000000000,2.032651533,-1.400000000,Moog Actual Tilt [deg],-0.050609826,79.300000000,80.700000000,79.297596087,79.246986261,1546.435675785,1677.275321568,260.641448525,63.969859822,True,free_filled_mask+manual_radius_scale,1570.692332682,2693.601088289,260.641448525,7.378057249,False,completed_disk_centroid_from_arc
2026-06-02T14:12:57,MeinelRoof_20260602_12_39_29.h5,/Volumes/LaCie/Data/2026_06_02/MeinelRoof_20260602_12_39_29.h5,p0,Aquistion_0,calibration_acqui_down_1p5,0.000000000,-1.500000000,1.381818182,1.000000000,-0.052750047,1.552750047,1.500000000,-0.052750047,0.052750047,11.000000000,12.500000000,10.567738445,12.120488491,1424.000000000,-1.505865942,1.500000000,Moog Actual Tilt [deg],-0.046884104,79.000000000,77.500000000,79.092857296,79.045973191,1565.979543208,1593.702129659,260.655386652,63.982659451,True,free_filled_mask+manual_radius_scale,1587.668827018,840.769158544,260.655386652,7.899237835,False,completed_disk_centroid_from_arc
2026-06-02T14:12:58,MeinelRoof_20260602_12_39_29.h5,/Volumes/LaCie/Data/2026_06_02/MeinelRoof_20260602_12_39_29.h5,p0,Aquistion_0,calibration_acqui_down_1,0.000000000,-1.000000000,1.381818182,1.000000000,-0.080502105,1.080502105,1.000000000,-0.080502105,0.080502105,11.000000000,12.000000000,10.567738445,11.648240550,1424.000000000,-1.053073850,1.000000000,Moog Actual Tilt [deg],-0.027428256,79.000000000,78.000000000,79.092857296,79.065429040,1565.979543208,1593.702129659,260.655386652,63.982659451,True,free_filled_mask+manual_radius_scale,1583.842904210,1067.165204760,260.655386652,7.353621458,False,completed_disk_centroid_from_arc
2026-06-02T14:12:59,MeinelRoof_20260602_12_39_29.h5,/Volumes/LaCie/Data/2026_06_02/MeinelRoof_20260602_12_39_29.h5,p0,Aquistion_0,calibration_acqui_down_0p5,0.000000000,-0.500000000,1.381818182,1.000000000,-0.057357769,0.557357769,0.500000000,-0.057357769,0.057357769,11.000000000,11.500000000,10.567738445,11.125096214,1424.000000000,-0.547807002,0.500000000,Moog Actual Tilt [deg],-0.009550768,79.000000000,78.500000000,79.092857296,79.083306528,1565.979543208,1593.702129659,260.655386652,63.982659451,True,free_filled_mask+manual_radius_scale,1571.933295396,1319.798628844,260.655386652,8.036458892,False,completed_disk_centroid_from_arc
2026-06-02T14:12:59,MeinelRoof_20260602_12_39_29.h5,/Volumes/LaCie/Data/2026_06_02/MeinelRoof_20260602_12_39_29.h5,p0,Aquistion_0,calibration_acqui_up_0p5,0.000000000,0.500000000,1.381818182,1.000000000,0.451102001,-0.951102001,-0.500000000,0.451102001,0.451102001,11.000000000,10.500000000,10.567738445,9.616636444,1424.000000000,0.970256476,-0.500000000,Moog Actual Tilt [deg],-0.019154476,79.000000000,79.500000000,79.092857296,79.073702820,1565.979543208,1593.702129659,260.655386652,63.982659451,True,free_filled_mask+manual_radius_scale,1599.489132141,2078.830367824,260.655386652,8.685069313,False,completed_disk_centroid_from_arc
2026-06-02T14:13:00,MeinelRoof_20260602_12_39_29.h5,/Volumes/LaCie/Data/2026_06_02/MeinelRoof_20260602_12_39_29.h5,p0,Aquistion_0,calibration_acqui_up_1,0.000000000,1.000000000,1.381818182,1.000000000,0.536290054,-1.536290054,-1.000000000,0.536290054,0.536290054,11.000000000,10.000000000,10.567738445,9.031448391,1424.000000000,1.573419964,-1.000000000,Moog Actual Tilt [deg],-0.037129910,79.000000000,80.000000000,79.092857296,79.055727386,1565.979543208,1593.702129659,260.655386652,63.982659451,True,free_filled_mask+manual_radius_scale,1605.584091088,2380.412111818,260.655386652,5.185588426,False,completed_disk_centroid_from_arc
2026-06-02T14:13:00,MeinelRoof_20260602_12_39_29.h5,/Volumes/LaCie/Data/2026_06_02/MeinelRoof_20260602_12_39_29.h5,p0,Aquistion_0,calibration_acqui_up_1p5,0.000000000,1.500000000,1.381818182,1.000000000,0.627783939,-2.127783939,-1.500000000,0.627783939,0.627783939,11.000000000,9.500000000,10.567738445,8.439954506,1424.000000000,2.184474636,-1.500000000,Moog Actual Tilt [deg],-0.056690698,79.000000000,80.500000000,79.092857296,79.036166598,1565.979543208,1593.702129659,260.655386652,63.982659451,True,free_filled_mask+manual_radius_scale,1585.498429905,2685.939447829,260.655386652,7.272039159,False,completed_disk_centroid_from_arc
2026-06-02T14:13:01,MeinelRoof_20260602_12_41_48.h5,/Volumes/LaCie/Data/2026_06_02/MeinelRoof_20260602_12_41_48.h5,p0,Aquistion_0,calibration_acqui_down_1p5,0.000000000,-1.500000000,1.381818182,1.000000000,-0.116510070,1.616510070,1.500000000,-0.116510070,0.116510070,11.200000000,12.700000000,10.782195778,12.398705848,1424.000000000,-1.564640393,1.500000000,Moog Actual Tilt [deg],-0.051869677,78.800000000,77.300000000,78.891944068,78.840074390,1572.688055354,1586.930077197,260.606645954,63.964332055,True,free_filled_mask+manual_radius_scale,1587.817127105,804.609880816,260.606645954,7.940792926,False,completed_disk_centroid_from_arc
2026-06-02T14:13:01,MeinelRoof_20260602_12_41_48.h5,/Volumes/LaCie/Data/2026_06_02/MeinelRoof_20260602_12_41_48.h5,p0,Aquistion_0,calibration_acqui_down_1,0.000000000,-1.000000000,1.381818182,1.000000000,-0.052177098,1.152177098,1.100000000,-0.052177098,0.052177098,11.200000000,12.300000000,10.782195778,11.934372876,1424.000000000,-1.121808010,1.100000000,Moog Actual Tilt [deg],-0.030369088,78.800000000,77.700000000,78.891944068,78.861574980,1572.688055354,1586.930077197,260.606645954,63.964332055,True,free_filled_mask+manual_radius_scale,1580.233149906,1026.026072157,260.606645954,7.490704061,False,completed_disk_centroid_from_arc
2026-06-02T14:13:02,MeinelRoof_20260602_12_41_48.h5,/Volumes/LaCie/Data/2026_06_02/MeinelRoof_20260602_12_41_48.h5,p0,Aquistion_0,calibration_acqui_down_0p5,0.000000000,-0.500000000,1.381818182,1.000000000,-0.105360294,0.605360294,0.500000000,-0.105360294,0.105360294,11.200000000,11.700000000,10.782195778,11.387556072,1424.000000000,-0.594777594,0.500000000,Moog Actual Tilt [deg],-0.010582700,78.800000000,78.300000000,78.891944068,78.881361367,1572.688055354,1586.930077197,260.606645954,63.964332055,True,free_filled_mask+manual_radius_scale,1588.584014188,1289.541280341,260.606645954,8.025684102,False,completed_disk_centroid_from_arc
2026-06-02T14:13:03,MeinelRoof_20260602_12_41_48.h5,/Volumes/LaCie/Data/2026_06_02/MeinelRoof_20260602_12_41_48.h5,p0,Aquistion_0,calibration_acqui_up_0p5,0.000000000,0.500000000,1.381818182,1.000000000,0.398290006,-0.998290006,-0.600000000,0.398290006,0.398290006,11.200000000,10.600000000,10.782195778,9.783905772,1424.000000000,1.019505504,-0.600000000,Moog Actual Tilt [deg],-0.021215498,78.800000000,79.400000000,78.891944068,78.870728570,1572.688055354,1586.930077197,260.606645954,63.964332055,True,free_filled_mask+manual_radius_scale,1594.864436790,2096.682829019,260.606645954,8.429706801,False,completed_disk_centroid_from_arc
2026-06-02T14:13:03,MeinelRoof_20260602_12_41_48.h5,/Volumes/LaCie/Data/2026_06_02/MeinelRoof_20260602_12_41_48.h5,p0,Aquistion_0,calibration_acqui_up_1,0.000000000,1.000000000,1.381818182,1.000000000,0.710863471,-1.610863471,-0.900000000,0.710863471,0.710863471,11.200000000,10.300000000,10.782195778,9.171332307,1424.000000000,1.653494278,-0.900000000,Moog Actual Tilt [deg],-0.042630807,78.800000000,79.700000000,78.891944068,78.849313261,1572.688055354,1586.930077197,260.606645954,63.964332055,True,free_filled_mask+manual_radius_scale,1600.633847571,2413.677216301,260.606645954,5.115085550,False,completed_disk_centroid_from_arc
2026-06-02T14:13:04,MeinelRoof_20260602_12_41_48.h5,/Volumes/LaCie/Data/2026_06_02/MeinelRoof_20260602_12_41_48.h5,p0,Aquistion_0,calibration_acqui_up_1p5,0.000000000,1.500000000,1.381818182,1.000000000,0.708989320,-2.208989320,-1.500000000,0.708989320,0.708989320,11.200000000,9.700000000,10.782195778,8.573206459,1424.000000000,2.271683675,-1.500000000,Moog Actual Tilt [deg],-0.062694355,78.800000000,80.300000000,78.891944068,78.829249712,1572.688055354,1586.930077197,260.606645954,63.964332055,True,free_filled_mask+manual_radius_scale,1589.853322122,2722.771914639,260.606645954,6.914242079,False,completed_disk_centroid_from_arc
2026-06-08T12:19:19,MeinelRoof_20260605_08_45_55.h5,/Volumes/LaCie/Data/2026_06_05/MeinelRoof_20260605_08_45_55.h5,p0,Aquistion_0,calibration_acqui_down_1p5,0.000000000,-1.500000000,1.381818182,1.000000000,-0.564424415,1.964424415,1.400000000,-0.564424415,0.564424415,48.500000000,49.900000000,47.424601242,49.389025657,1424.000000000,-2.112322193,1.400000000,Moog Actual Tilt [deg],0.147897777,41.500000000,40.100000000,41.559441636,41.707339414,1523.614208664,1931.978561103,177.721966618,43.513029660,True,free_filled_mask+manual_radius_scale,1505.857252255,875.817464830,177.721966618,4.140736913,True,completed_disk_centroid_from_arc
2026-06-08T12:19:19,MeinelRoof_20260605_08_45_55.h5,/Volumes/LaCie/Data/2026_06_05/MeinelRoof_20260605_08_45_55.h5,p0,Aquistion_0,calibration_acqui_down_1,0.000000000,-1.000000000,1.381818182,1.000000000,0.388612860,0.611387140,1.000000000,0.388612860,0.388612860,48.500000000,49.500000000,47.424601242,48.035988382,1424.000000000,-0.699420349,1.000000000,Moog Actual Tilt [deg],0.088033208,41.500000000,40.500000000,41.559441636,41.647474844,1523.614208664,1931.978561103,177.721966618,43.513029660,True,free_filled_mask+manual_radius_scale,1516.185447885,1582.268386816,177.721966618,3.181140070,True,completed_disk_centroid_from_arc
2026-06-08T12:19:20,MeinelRoof_20260605_08_45_55.h5,/Volumes/LaCie/Data/2026_06_05/MeinelRoof_20260605_08_45_55.h5,p0,Aquistion_0,calibration_acqui_down_0p5,0.000000000,-0.500000000,1.381818182,1.000000000,-0.269287058,0.769287058,0.500000000,-0.269287058,0.269287058,48.500000000,49.000000000,47.424601242,48.193888300,1424.000000000,-0.797457303,0.500000000,Moog Actual Tilt [deg],0.028170245,41.500000000,41.000000000,41.559441636,41.587611881,1523.614208664,1931.978561103,177.721966618,43.513029660,True,free_filled_mask+manual_radius_scale,1506.221897541,1533.249909779,177.721966618,3.054751882,True,completed_disk_centroid_from_arc
2026-06-08T12:19:21,MeinelRoof_20260605_08_45_55.h5,/Volumes/LaCie/Data/2026_06_05/MeinelRoof_20260605_08_45_55.h5,p0,Aquistion_0,calibration_acqui_up_0p5,0.000000000,0.500000000,1.381818182,1.000000000,0.254297096,-0.554297096,-0.300000000,0.254297096,0.254297096,48.500000000,48.200000000,47.424601242,46.870304145,1424.000000000,0.497956247,-0.300000000,Moog Actual Tilt [deg],0.056340850,41.500000000,41.800000000,41.559441636,41.615782486,1523.614208664,1931.978561103,177.721966618,43.513029660,True,free_filled_mask+manual_radius_scale,1522.463949359,2180.956684491,177.721966618,6.205676693,True,completed_disk_centroid_from_arc
2026-06-08T12:19:21,MeinelRoof_20260605_08_45_55.h5,/Volumes/LaCie/Data/2026_06_05/MeinelRoof_20260605_08_45_55.h5,p0,Aquistion_0,calibration_acqui_up_1,0.000000000,1.000000000,1.381818182,1.000000000,0.314925179,-1.214925179,-0.900000000,0.314925179,0.314925179,48.500000000,47.600000000,47.424601242,46.209676062,1424.000000000,1.098720608,-0.900000000,Moog Actual Tilt [deg],0.116204571,41.500000000,42.400000000,41.559441636,41.675646208,1523.614208664,1931.978561103,177.721966618,43.513029660,True,free_filled_mask+manual_radius_scale,1493.092544785,2481.338865069,177.721966618,9.575472060,True,completed_disk_centroid_from_arc
2026-06-08T12:19:22,MeinelRoof_20260605_08_45_55.h5,/Volumes/LaCie/Data/2026_06_05/MeinelRoof_20260605_08_45_55.h5,p0,Aquistion_0,calibration_acqui_up_1p5,0.000000000,1.500000000,1.381818182,1.000000000,0.209533397,-1.809533397,-1.600000000,0.209533397,0.209533397,48.500000000,46.900000000,47.424601242,45.615067845,1424.000000000,1.629941970,-1.600000000,Moog Actual Tilt [deg],0.179591427,41.500000000,43.100000000,41.559441636,41.739033063,1523.614208664,1931.978561103,177.721966618,43.513029660,True,free_filled_mask+manual_radius_scale,1469.353620527,2746.949545938,177.721966618,2.968483161,True,completed_disk_centroid_from_arc
2026-06-08T12:19:22,MeinelRoof_20260605_08_56_19.h5,/Volumes/LaCie/Data/2026_06_05/MeinelRoof_20260605_08_56_19.h5,p0,Aquistion_0,calibration_acqui_down_1p5,0.000000000,-1.500000000,1.381818182,1.000000000,-0.026198312,1.726198312,1.700000000,-0.026198312,0.026198312,46.200000000,47.900000000,45.555754769,47.281953081,1424.000000000,-1.891825348,1.700000000,Moog Actual Tilt [deg],0.165627036,43.800000000,42.100000000,43.757628361,43.923255397,1457.976158193,1767.308435224,178.637216535,43.734751098,True,free_filled_mask+manual_radius_scale,1488.157350790,821.395761280,178.637216535,3.952729678,True,completed_disk_centroid_from_arc
2026-06-08T12:19:23,MeinelRoof_20260605_08_56_19.h5,/Volumes/LaCie/Data/2026_06_05/MeinelRoof_20260605_08_56_19.h5,p0,Aquistion_0,calibration_acqui_down_1,0.000000000,-1.000000000,1.381818182,1.000000000,0.259208706,0.940791294,1.200000000,0.259208706,0.259208706,46.200000000,47.400000000,45.555754769,46.496546063,1424.000000000,-1.046509994,1.200000000,Moog Actual Tilt [deg],0.105718700,43.800000000,42.600000000,43.757628361,43.863347061,1457.976158193,1767.308435224,178.637216535,43.734751098,True,free_filled_mask+manual_radius_scale,1465.162759931,1244.053438117,178.637216535,1.517700745,True,completed_disk_centroid_from_arc
2026-06-08T12:19:23,MeinelRoof_20260605_08_56_19.h5,/Volumes/LaCie/Data/2026_06_05/MeinelRoof_20260605_08_56_19.h5,p0,Aquistion_0,calibration_acqui_down_0p5,0.000000000,-0.500000000,1.381818182,1.000000000,0.122024666,0.477975334,0.600000000,0.122024666,0.122024666,46.200000000,46.800000000,45.555754769,46.033730102,1424.000000000,-0.520262518,0.600000000,Moog Actual Tilt [deg],0.042287184,43.800000000,43.200000000,43.757628361,43.799915545,1457.976158193,1767.308435224,178.637216535,43.734751098,True,free_filled_mask+manual_radius_scale,1436.559753721,1507.177176464,178.637216535,3.534606234,True,completed_disk_centroid_from_arc
2026-06-08T12:19:24,MeinelRoof_20260605_08_56_19.h5,/Volumes/LaCie/Data/2026_06_05/MeinelRoof_20260605_08_56_19.h5,p0,Aquistion_0,calibration_acqui_up_0p5,0.000000000,0.500000000,1.381818182,1.000000000,0.489227505,-0.789227505,-0.300000000,0.489227505,0.489227505,46.200000000,45.900000000,45.555754769,44.766527263,1424.000000000,0.715224673,-0.300000000,Moog Actual Tilt [deg],0.074002832,43.800000000,44.100000000,43.757628361,43.831631193,1457.976158193,1767.308435224,178.637216535,43.734751098,True,free_filled_mask+manual_radius_scale,1462.350937997,2124.920771651,178.637216535,5.804330552,True,completed_disk_centroid_from_arc
2026-06-08T12:19:24,MeinelRoof_20260605_08_56_19.h5,/Volumes/LaCie/Data/2026_06_05/MeinelRoof_20260605_08_56_19.h5,p0,Aquistion_0,calibration_acqui_up_1,0.000000000,1.000000000,1.381818182,1.000000000,0.544424413,-1.444424413,-0.900000000,0.544424413,0.544424413,46.200000000,45.300000000,45.555754769,44.111330355,1424.000000000,1.310513650,-0.900000000,Moog Actual Tilt [deg],0.133910763,43.800000000,44.700000000,43.757628361,43.891539124,1457.976158193,1767.308435224,178.637216535,43.734751098,True,free_filled_mask+manual_radius_scale,1474.559358094,2422.565260032,178.637216535,9.055122737,True,completed_disk_centroid_from_arc
2026-06-08T12:19:25,MeinelRoof_20260605_08_56_19.h5,/Volumes/LaCie/Data/2026_06_05/MeinelRoof_20260605_08_56_19.h5,p0,Aquistion_0,calibration_acqui_up_1p5,0.000000000,1.500000000,1.381818182,1.000000000,0.611650321,-2.011650321,-1.400000000,0.611650321,0.611650321,46.200000000,44.800000000,45.555754769,43.544104448,1424.000000000,1.814306804,-1.400000000,Moog Actual Tilt [deg],0.197343517,43.800000000,45.200000000,43.757628361,43.954971878,1457.976158193,1767.308435224,178.637216535,43.734751098,True,free_filled_mask+manual_radius_scale,1486.827423106,2674.461837166,178.637216535,7.548476271,True,completed_disk_centroid_from_arc
2026-06-08T12:19:25,MeinelRoof_20260605_09_06_19.h5,/Volumes/LaCie/Data/2026_06_05/MeinelRoof_20260605_09_06_19.h5,p0,Aquistion_0,calibration_acqui_down_1p5,0.000000000,-1.500000000,1.381818182,1.000000000,-0.100606059,1.700606059,1.600000000,-0.100606059,0.100606059,44.100000000,45.700000000,43.452300649,45.152906709,1424.000000000,-1.869791644,1.600000000,Moog Actual Tilt [deg],0.169185585,45.900000000,44.300000000,45.872305924,46.041491509,1452.471981406,1761.696713203,179.679322277,43.990452678,True,free_filled_mask+manual_radius_scale,1546.547570242,826.800891122,179.679322277,4.023782511,True,completed_disk_centroid_from_arc
2026-06-08T12:19:26,MeinelRoof_20260605_09_06_19.h5,/Volumes/LaCie/Data/2026_06_05/MeinelRoof_20260605_09_06_19.h5,p0,Aquistion_0,calibration_acqui_down_1,0.000000000,-1.000000000,1.381818182,1.000000000,-0.049470120,1.049470120,1.000000000,-0.049470120,0.049470120,44.100000000,45.100000000,43.452300649,44.501770769,1424.000000000,-1.151686510,1.000000000,Moog Actual Tilt [deg],0.102216390,45.900000000,44.900000000,45.872305924,45.974522314,1452.471981406,1761.696713203,179.679322277,43.990452678,True,free_filled_mask+manual_radius_scale,1524.956056630,1185.853458403,179.679322277,1.624570679,True,completed_disk_centroid_from_arc
2026-06-08T12:19:26,MeinelRoof_20260605_09_06_19.h5,/Volumes/LaCie/Data/2026_06_05/MeinelRoof_20260605_09_06_19.h5,p0,Aquistion_0,calibration_acqui_down_0p5,0.000000000,-0.500000000,1.381818182,1.000000000,0.147583744,0.352416256,0.500000000,0.147583744,0.147583744,44.100000000,44.600000000,43.452300649,43.804716905,1424.000000000,-0.394712723,0.500000000,Moog Actual Tilt [deg],0.042296467,45.900000000,45.400000000,45.872305924,45.914602392,1452.471981406,1761.696713203,179.679322277,43.990452678,True,free_filled_mask+manual_radius_scale,1483.998653778,1564.340351502,179.679322277,3.730939733,True,completed_disk_centroid_from_arc
2026-06-08T12:19:27,MeinelRoof_20260605_09_06_19.h5,/Volumes/LaCie/Data/2026_06_05/MeinelRoof_20260605_09_06_19.h5,p0,Aquistion_0,calibration_acqui_up_0p5,0.000000000,0.500000000,1.381818182,1.000000000,0.724557481,-1.124557481,-0.400000000,0.724557481,0.724557481,44.100000000,43.700000000,43.452300649,42.327743169,1424.000000000,1.050538690,-0.400000000,Moog Actual Tilt [deg],0.074018791,45.900000000,46.300000000,45.872305924,45.946324716,1452.471981406,1761.696713203,179.679322277,43.990452678,True,free_filled_mask+manual_radius_scale,1521.724863624,2286.966057990,179.679322277,7.243941315,True,completed_disk_centroid_from_arc
2026-06-08T12:19:27,MeinelRoof_20260605_09_06_19.h5,/Volumes/LaCie/Data/2026_06_05/MeinelRoof_20260605_09_06_19.h5,p0,Aquistion_0,calibration_acqui_up_1,0.000000000,1.000000000,1.381818182,1.000000000,0.279374249,-1.179374249,-0.900000000,0.279374249,0.279374249,44.100000000,43.200000000,43.452300649,42.272926400,1424.000000000,1.045435589,-0.900000000,Moog Actual Tilt [deg],0.133938659,45.900000000,46.800000000,45.872305924,46.006244584,1452.471981406,1761.696713203,179.679322277,43.990452678,True,free_filled_mask+manual_radius_scale,1524.821670027,2284.414507942,179.679322277,7.227386548,True,completed_disk_centroid_from_arc
2026-06-08T12:19:28,MeinelRoof_20260605_09_06_19.h5,/Volumes/LaCie/Data/2026_06_05/MeinelRoof_20260605_09_06_19.h5,p0,Aquistion_0,calibration_acqui_up_1p5,0.000000000,1.500000000,1.381818182,1.000000000,0.815291258,-2.115291258,-1.300000000,0.815291258,0.815291258,44.100000000,42.800000000,43.452300649,41.337009392,1424.000000000,1.914383481,-1.300000000,Moog Actual Tilt [deg],0.200907777,45.900000000,47.200000000,45.872305924,46.073213701,1452.471981406,1761.696713203,179.679322277,43.990452678,True,free_filled_mask+manual_radius_scale,1545.002623978,2718.888453543,179.679322277,4.190689124,True,completed_disk_centroid_from_arc
2026-06-08T12:19:28,MeinelRoof_20260605_09_15_55.h5,/Volumes/LaCie/Data/2026_06_05/MeinelRoof_20260605_09_15_55.h5,p0,Aquistion_0,calibration_acqui_down_1p5,0.000000000,-1.500000000,1.381818182,1.000000000,0.022219334,1.677780666,1.700000000,0.022219334,0.022219334,42.000000000,43.700000000,41.375006090,43.052786756,1424.000000000,-1.843388751,1.700000000,Moog Actual Tilt [deg],0.165608085,48.000000000,46.300000000,47.902325651,48.067933735,1444.312335876,1785.334129401,180.609239290,44.218958192,True,free_filled_mask+manual_radius_scale,1427.009589920,863.639754088,180.609239290,3.710903862,True,completed_disk_centroid_from_arc
2026-06-08T12:19:29,MeinelRoof_20260605_09_15_55.h5,/Volumes/LaCie/Data/2026_06_05/MeinelRoof_20260605_09_15_55.h5,p0,Aquistion_0,calibration_acqui_down_1,0.000000000,-1.000000000,1.381818182,1.000000000,0.082152508,0.917847492,1.000000000,0.082152508,0.082152508,42.000000000,43.000000000,41.375006090,42.292853582,1424.000000000,-1.023555706,1.000000000,Moog Actual Tilt [deg],0.105708214,48.000000000,47.000000000,47.902325651,48.008033865,1444.312335876,1785.334129401,180.609239290,44.218958192,True,free_filled_mask+manual_radius_scale,1405.939247500,1273.556276277,180.609239290,1.889614257,True,completed_disk_centroid_from_arc
2026-06-08T12:19:30,MeinelRoof_20260605_09_15_55.h5,/Volumes/LaCie/Data/2026_06_05/MeinelRoof_20260605_09_15_55.h5,p0,Aquistion_0,calibration_acqui_down_0p5,0.000000000,-0.500000000,1.381818182,1.000000000,0.054881938,0.445118062,0.500000000,0.054881938,0.054881938,42.000000000,42.500000000,41.375006090,41.820124152,1424.000000000,-0.487401732,0.500000000,Moog Actual Tilt [deg],0.042283670,48.000000000,47.500000000,47.902325651,47.944609321,1444.312335876,1785.334129401,180.609239290,44.218958192,True,free_filled_mask+manual_radius_scale,1517.043589313,1541.633263191,180.609239290,3.847822938,True,completed_disk_centroid_from_arc
2026-06-08T12:19:30,MeinelRoof_20260605_09_15_55.h5,/Volumes/LaCie/Data/2026_06_05/MeinelRoof_20260605_09_15_55.h5,p0,Aquistion_0,calibration_acqui_up_0p5,0.000000000,0.500000000,1.381818182,1.000000000,0.665296894,-0.965296894,-0.300000000,0.665296894,0.665296894,42.000000000,41.700000000,41.375006090,40.409709196,1424.000000000,0.891300806,-0.300000000,Moog Actual Tilt [deg],0.073996088,48.000000000,48.300000000,47.902325651,47.976321739,1444.312335876,1785.334129401,180.609239290,44.218958192,True,free_filled_mask+manual_radius_scale,1540.247937392,2230.984532370,180.609239290,6.661822547,True,completed_disk_centroid_from_arc
2026-06-08T12:19:31,MeinelRoof_20260605_09_15_55.h5,/Volumes/LaCie/Data/2026_06_05/MeinelRoof_20260605_09_15_55.h5,p0,Aquistion_0,calibration_acqui_up_1,0.000000000,1.000000000,1.381818182,1.000000000,0.480904801,-1.580904801,-1.100000000,0.480904801,0.480904801,42.000000000,40.900000000,41.375006090,39.794101289,1424.000000000,1.443484758,-1.100000000,Moog Actual Tilt [deg],0.137420044,48.000000000,49.100000000,47.902325651,48.039745695,1444.312335876,1785.334129401,180.609239290,44.218958192,True,free_filled_mask+manual_radius_scale,1415.254254178,2507.076508189,180.609239290,9.957830634,True,completed_disk_centroid_from_arc
2026-06-08T12:19:31,MeinelRoof_20260605_09_15_55.h5,/Volumes/LaCie/Data/2026_06_05/MeinelRoof_20260605_09_15_55.h5,p0,Aquistion_0,calibration_acqui_up_1p5,0.000000000,1.500000000,1.381818182,1.000000000,0.799814831,-2.099814831,-1.300000000,0.799814831,0.799814831,42.000000000,40.700000000,41.375006090,39.275191260,1424.000000000,1.902495488,-1.300000000,Moog Actual Tilt [deg],0.197319342,48.000000000,49.300000000,47.902325651,48.099644993,1444.312335876,1785.334129401,180.609239290,44.218958192,True,free_filled_mask+manual_radius_scale,1427.608370562,2736.581873460,180.609239290,3.295483434,True,completed_disk_centroid_from_arc
2026-06-08T12:19:32,MeinelRoof_20260605_09_27_58.h5,/Volumes/LaCie/Data/2026_06_05/MeinelRoof_20260605_09_27_58.h5,p0,Aquistion_0,calibration_acqui_down_1p5,0.000000000,-1.500000000,1.381818182,1.000000000,-0.771973935,2.171973935,1.400000000,-0.771973935,0.771973935,39.700000000,41.100000000,38.243282599,40.415256534,1424.000000000,-2.326823247,1.400000000,Moog Actual Tilt [deg],0.154849312,50.300000000,48.900000000,50.448628708,50.603478020,1334.117602984,2078.044346346,238.406688710,58.404176546,True,free_filled_mask+manual_radius_scale,1366.940060623,914.632722949,238.406688710,6.019008341,True,completed_disk_centroid_from_arc
2026-06-08T12:19:32,MeinelRoof_20260605_09_27_58.h5,/Volumes/LaCie/Data/2026_06_05/MeinelRoof_20260605_09_27_58.h5,p0,Aquistion_0,calibration_acqui_down_1,0.000000000,-1.000000000,1.381818182,1.000000000,-0.344050583,1.044050583,0.700000000,-0.344050583,0.344050583,39.700000000,40.400000000,38.243282599,39.287333182,1424.000000000,-1.135554409,0.700000000,Moog Actual Tilt [deg],0.091503826,50.300000000,49.600000000,50.448628708,50.540132534,1334.117602984,2078.044346346,238.406688710,58.404176546,True,free_filled_mask+manual_radius_scale,1343.092602514,1510.267141723,238.406688710,5.439582236,True,completed_disk_centroid_from_arc
2026-06-08T12:19:33,MeinelRoof_20260605_09_27_58.h5,/Volumes/LaCie/Data/2026_06_05/MeinelRoof_20260605_09_27_58.h5,p0,Aquistion_0,calibration_acqui_down_0p5,0.000000000,-0.500000000,1.381818182,1.000000000,-0.613893063,0.913893063,0.300000000,-0.613893063,0.613893063,39.700000000,40.000000000,38.243282599,39.157175663,1424.000000000,-0.945568099,0.300000000,Moog Actual Tilt [deg],0.031675036,50.300000000,50.000000000,50.448628708,50.480303744,1334.117602984,2078.044346346,238.406688710,58.404176546,True,free_filled_mask+manual_radius_scale,1328.530147948,1605.260296745,238.406688710,5.743561200,True,completed_disk_centroid_from_arc
2026-06-08T12:19:34,MeinelRoof_20260605_09_27_58.h5,/Volumes/LaCie/Data/2026_06_05/MeinelRoof_20260605_09_27_58.h5,p0,Aquistion_0,calibration_acqui_up_0p5,0.000000000,0.500000000,1.381818182,1.000000000,-0.090682793,-0.509317207,-0.600000000,-0.090682793,0.090682793,39.700000000,39.100000000,38.243282599,37.733965392,1424.000000000,0.445967806,-0.600000000,Moog Actual Tilt [deg],0.063349401,50.300000000,50.900000000,50.448628708,50.511978110,1334.117602984,2078.044346346,238.406688710,58.404176546,True,free_filled_mask+manual_radius_scale,1343.847560435,2301.028249168,238.406688710,4.524771412,True,completed_disk_centroid_from_arc
2026-06-08T12:19:34,MeinelRoof_20260605_09_27_58.h5,/Volumes/LaCie/Data/2026_06_05/MeinelRoof_20260605_09_27_58.h5,p0,Aquistion_0,calibration_acqui_up_1,0.000000000,1.000000000,1.381818182,1.000000000,-0.360820425,-0.639179575,-1.000000000,-0.360820425,0.360820425,39.700000000,38.700000000,38.243282599,37.604103024,1424.000000000,0.516002664,-1.000000000,Moog Actual Tilt [deg],0.123176912,50.300000000,51.300000000,50.448628708,50.571805620,1334.117602984,2078.044346346,238.406688710,58.404176546,True,free_filled_mask+manual_radius_scale,1346.809524953,2336.045678099,238.406688710,4.119821788,True,completed_disk_centroid_from_arc
2026-06-08T12:19:35,MeinelRoof_20260605_09_27_58.h5,/Volumes/LaCie/Data/2026_06_05/MeinelRoof_20260605_09_27_58.h5,p0,Aquistion_0,calibration_acqui_up_1p5,0.000000000,1.500000000,1.381818182,1.000000000,0.254981973,-1.754981973,-1.500000000,0.254981973,0.254981973,39.700000000,38.200000000,38.243282599,36.488300626,1424.000000000,1.568460952,-1.500000000,Moog Actual Tilt [deg],0.186521022,50.300000000,51.800000000,50.448628708,50.635149730,1334.117602984,2078.044346346,238.406688710,58.404176546,True,free_filled_mask+manual_radius_scale,1363.962695743,2862.274822114,238.406688710,3.972884158,True,completed_disk_centroid_from_arc
2026-06-08T12:19:35,MeinelRoof_20260605_09_36_17.h5,/Volumes/LaCie/Data/2026_06_05/MeinelRoof_20260605_09_36_17.h5,p0,Aquistion_0,calibration_acqui_down_1p5,0.000000000,-1.500000000,1.381818182,1.000000000,-0.032137936,1.432137936,1.400000000,-0.032137936,0.032137936,37.900000000,39.300000000,37.248495535,38.680633472,1424.000000000,-1.597304037,1.400000000,Moog Actual Tilt [deg],0.165166101,52.100000000,50.700000000,52.203676828,52.368842928,1381.434650067,1697.913818470,238.588709665,58.456917726,True,free_filled_mask+manual_radius_scale,1302.296295573,899.261800065,238.588709665,5.979801650,True,completed_disk_centroid_from_arc
2026-06-08T12:19:36,MeinelRoof_20260605_09_36_17.h5,/Volumes/LaCie/Data/2026_06_05/MeinelRoof_20260605_09_36_17.h5,p0,Aquistion_0,calibration_acqui_down_1,0.000000000,-1.000000000,1.381818182,1.000000000,0.130746513,0.769253487,0.900000000,0.130746513,0.130746513,37.900000000,38.800000000,37.248495535,38.017749023,1424.000000000,-0.871167679,0.900000000,Moog Actual Tilt [deg],0.101914192,52.100000000,51.200000000,52.203676828,52.305591020,1381.434650067,1697.913818470,238.588709665,58.456917726,True,free_filled_mask+manual_radius_scale,1355.826250232,1262.329978765,238.588709665,4.757138230,True,completed_disk_centroid_from_arc
2026-06-08T12:19:36,MeinelRoof_20260605_09_36_17.h5,/Volumes/LaCie/Data/2026_06_05/MeinelRoof_20260605_09_36_17.h5,p0,Aquistion_0,calibration_acqui_down_0p5,0.000000000,-0.500000000,1.381818182,1.000000000,-0.009353130,0.409353130,0.400000000,-0.009353130,0.009353130,37.900000000,38.300000000,37.248495535,37.657848666,1424.000000000,-0.451525759,0.400000000,Moog Actual Tilt [deg],0.042172628,52.100000000,51.700000000,52.203676828,52.245849456,1381.434650067,1697.913818470,238.588709665,58.456917726,True,free_filled_mask+manual_radius_scale,1337.560807554,1472.150939135,238.588709665,5.711528944,True,completed_disk_centroid_from_arc
2026-06-08T12:19:37,MeinelRoof_20260605_09_36_17.h5,/Volumes/LaCie/Data/2026_06_05/MeinelRoof_20260605_09_36_17.h5,p0,Aquistion_0,calibration_acqui_up_0p5,0.000000000,0.500000000,1.381818182,1.000000000,0.552229865,-1.152229865,-0.600000000,0.552229865,0.552229865,37.900000000,37.300000000,37.248495535,36.096265670,1424.000000000,1.081943121,-0.600000000,Moog Actual Tilt [deg],0.070286744,52.100000000,52.700000000,52.203676828,52.273963572,1381.434650067,1697.913818470,238.588709665,58.456917726,True,free_filled_mask+manual_radius_scale,1354.218033089,2238.885378997,238.588709665,5.392151468,True,completed_disk_centroid_from_arc
2026-06-08T12:19:38,MeinelRoof_20260605_09_36_17.h5,/Volumes/LaCie/Data/2026_06_05/MeinelRoof_20260605_09_36_17.h5,p0,Aquistion_0,calibration_acqui_up_1,0.000000000,1.000000000,1.381818182,1.000000000,0.524133372,-1.724133372,-1.200000000,0.524133372,0.524133372,37.900000000,36.700000000,37.248495535,35.524362164,1424.000000000,1.590592725,-1.200000000,Moog Actual Tilt [deg],0.133540646,52.100000000,53.300000000,52.203676828,52.337217474,1381.434650067,1697.913818470,238.588709665,58.456917726,True,free_filled_mask+manual_radius_scale,1364.767318453,2493.210181193,238.588709665,3.613669152,True,completed_disk_centroid_from_arc
2026-06-08T12:19:38,MeinelRoof_20260605_09_36_17.h5,/Volumes/LaCie/Data/2026_06_05/MeinelRoof_20260605_09_36_17.h5,p0,Aquistion_0,calibration_acqui_up_1p5,0.000000000,1.500000000,1.381818182,1.000000000,0.642170719,-2.342170719,-1.700000000,0.642170719,0.642170719,37.900000000,36.200000000,37.248495535,34.906324816,1424.000000000,2.145380170,-1.700000000,Moog Actual Tilt [deg],0.196790549,52.100000000,53.800000000,52.203676828,52.400467377,1381.434650067,1697.913818470,238.588709665,58.456917726,True,free_filled_mask+manual_radius_scale,1300.911202484,2770.603903477,238.588709665,4.686551225,True,completed_disk_centroid_from_arc
2026-06-08T12:19:39,MeinelRoof_20260605_09_44_11.h5,/Volumes/LaCie/Data/2026_06_05/MeinelRoof_20260605_09_44_11.h5,p0,Aquistion_0,calibration_acqui_down_1p5,0.000000000,-1.500000000,1.381818182,1.000000000,0.044061800,1.455938200,1.500000000,0.044061800,0.044061800,36.200000000,37.700000000,35.627101456,37.083039656,1424.000000000,-1.620786302,1.500000000,Moog Actual Tilt [deg],0.164848102,53.800000000,52.300000000,53.868027906,54.032876008,1334.237367645,1676.435318746,239.236735053,58.615111127,True,free_filled_mask+manual_radius_scale,1371.393505254,866.042167925,239.236735053,6.232267756,True,completed_disk_centroid_from_arc
2026-06-08T12:19:39,MeinelRoof_20260605_09_44_11.h5,/Volumes/LaCie/Data/2026_06_05/MeinelRoof_20260605_09_44_11.h5,p0,Aquistion_0,calibration_acqui_down_1,0.000000000,-1.000000000,1.381818182,1.000000000,0.081942421,1.018057579,1.100000000,0.081942421,0.081942421,36.200000000,37.300000000,35.627101456,36.645159035,1424.000000000,-1.119776657,1.100000000,Moog Actual Tilt [deg],0.101719078,53.800000000,52.700000000,53.868027906,53.969746984,1334.237367645,1676.435318746,239.236735053,58.615111127,True,free_filled_mask+manual_radius_scale,1352.113862546,1116.546990373,239.236735053,4.850417777,True,completed_disk_centroid_from_arc
2026-06-08T12:19:40,MeinelRoof_20260605_09_44_11.h5,/Volumes/LaCie/Data/2026_06_05/MeinelRoof_20260605_09_44_11.h5,p0,Aquistion_0,calibration_acqui_down_0p5,0.000000000,-0.500000000,1.381818182,1.000000000,-0.018378856,0.518378856,0.500000000,-0.018378856,0.018378856,36.200000000,36.700000000,35.627101456,36.145480313,1424.000000000,-0.556963571,0.500000000,Moog Actual Tilt [deg],0.038584715,53.800000000,53.300000000,53.868027906,53.906612621,1334.237367645,1676.435318746,239.236735053,58.615111127,True,free_filled_mask+manual_radius_scale,1387.267312592,1397.953533062,239.236735053,5.779419572,True,completed_disk_centroid_from_arc
2026-06-08T12:19:40,MeinelRoof_20260605_09_44_11.h5,/Volumes/LaCie/Data/2026_06_05/MeinelRoof_20260605_09_44_11.h5,p0,Aquistion_0,calibration_acqui_up_0p5,0.000000000,0.500000000,1.381818182,1.000000000,0.664195926,-1.164195926,-0.500000000,0.664195926,0.664195926,36.200000000,35.700000000,35.627101456,34.462905530,1424.000000000,1.094043365,-0.500000000,Moog Actual Tilt [deg],0.070152561,53.800000000,54.300000000,53.868027906,53.938180467,1334.237367645,1676.435318746,239.236735053,58.615111127,True,free_filled_mask+manual_radius_scale,1404.157384567,2223.457001484,239.236735053,5.460560855,True,completed_disk_centroid_from_arc
2026-06-08T12:19:41,MeinelRoof_20260605_09_44_11.h5,/Volumes/LaCie/Data/2026_06_05/MeinelRoof_20260605_09_44_11.h5,p0,Aquistion_0,calibration_acqui_up_1,0.000000000,1.000000000,1.381818182,1.000000000,0.729328524,-1.629328524,-0.900000000,0.729328524,0.729328524,36.200000000,35.300000000,35.627101456,33.997772932,1424.000000000,1.496044263,-0.900000000,Moog Actual Tilt [deg],0.133284261,53.800000000,54.700000000,53.868027906,54.001312167,1334.237367645,1676.435318746,239.236735053,58.615111127,True,free_filled_mask+manual_radius_scale,1359.832456046,2424.457450371,239.236735053,4.011390679,True,completed_disk_centroid_from_arc
2026-06-08T12:19:42,MeinelRoof_20260605_09_44_11.h5,/Volumes/LaCie/Data/2026_06_05/MeinelRoof_20260605_09_44_11.h5,p0,Aquistion_0,calibration_acqui_up_1p5,0.000000000,1.500000000,1.381818182,1.000000000,0.689182971,-2.189182971,-1.500000000,0.689182971,0.689182971,36.200000000,34.700000000,35.627101456,33.437918485,1424.000000000,1.992772377,-1.500000000,Moog Actual Tilt [deg],0.196410594,53.800000000,55.300000000,53.868027906,54.064438500,1334.237367645,1676.435318746,239.236735053,58.615111127,True,free_filled_mask+manual_radius_scale,1371.785812441,2672.821507316,239.236735053,5.007066604,True,completed_disk_centroid_from_arc
2026-06-08T12:19:42,MeinelRoof_20260605_09_51_58.h5,/Volumes/LaCie/Data/2026_06_05/MeinelRoof_20260605_09_51_58.h5,p0,Aquistion_0,calibration_acqui_down_1p5,0.000000000,-1.500000000,1.381818182,1.000000000,0.050848552,1.649151448,1.700000000,0.050848552,0.050848552,34.300000000,36.000000000,33.779314030,35.428465479,1424.000000000,-1.813587584,1.700000000,Moog Actual Tilt [deg],0.164436136,55.700000000,54.000000000,55.504232448,55.668668584,1337.797085943,1782.226761033,240.494075305,58.936000529,True,free_filled_mask+manual_radius_scale,1369.915314757,875.432968895,240.494075305,6.394338585,True,completed_disk_centroid_from_arc
2026-06-08T12:19:43,MeinelRoof_20260605_09_51_58.h5,/Volumes/LaCie/Data/2026_06_05/MeinelRoof_20260605_09_51_58.h5,p0,Aquistion_0,calibration_acqui_down_1,0.000000000,-1.000000000,1.381818182,1.000000000,0.120237848,1.079762152,1.200000000,0.120237848,0.120237848,34.300000000,35.500000000,33.779314030,34.859076182,1424.000000000,-1.181228294,1.200000000,Moog Actual Tilt [deg],0.101466142,55.700000000,54.500000000,55.504232448,55.605698590,1337.797085943,1782.226761033,240.494075305,58.936000529,True,free_filled_mask+manual_radius_scale,1350.230681720,1191.612614086,240.494075305,4.861172807,True,completed_disk_centroid_from_arc
2026-06-08T12:19:43,MeinelRoof_20260605_09_51_58.h5,/Volumes/LaCie/Data/2026_06_05/MeinelRoof_20260605_09_51_58.h5,p0,Aquistion_0,calibration_acqui_down_0p5,0.000000000,-0.500000000,1.381818182,1.000000000,0.099678437,0.500321563,0.600000000,0.099678437,0.099678437,34.300000000,34.900000000,33.779314030,34.279635593,1424.000000000,-0.538810812,0.600000000,Moog Actual Tilt [deg],0.038489248,55.700000000,55.100000000,55.504232448,55.542721696,1337.797085943,1782.226761033,240.494075305,58.936000529,True,free_filled_mask+manual_radius_scale,1348.845664724,1512.821355232,240.494075305,5.727081411,True,completed_disk_centroid_from_arc
2026-06-08T12:19:44,MeinelRoof_20260605_09_51_58.h5,/Volumes/LaCie/Data/2026_06_05/MeinelRoof_20260605_09_51_58.h5,p0,Aquistion_0,calibration_acqui_up_0p5,0.000000000,0.500000000,1.381818182,1.000000000,0.618144158,-1.018144158,-0.400000000,0.618144158,0.618144158,34.300000000,33.900000000,33.779314030,32.761169872,1424.000000000,0.948165605,-0.400000000,Moog Actual Tilt [deg],0.069978554,55.700000000,56.100000000,55.504232448,55.574211001,1337.797085943,1782.226761033,240.494075305,58.936000529,True,free_filled_mask+manual_radius_scale,1367.597341309,2256.309563346,240.494075305,4.871636239,True,completed_disk_centroid_from_arc
2026-06-08T12:19:44,MeinelRoof_20260605_09_51_58.h5,/Volumes/LaCie/Data/2026_06_05/MeinelRoof_20260605_09_51_58.h5,p0,Aquistion_0,calibration_acqui_up_1,0.000000000,1.000000000,1.381818182,1.000000000,0.687802822,-1.387802822,-0.700000000,0.687802822,0.687802822,34.300000000,33.600000000,33.779314030,32.391511208,1424.000000000,1.254850816,-0.700000000,Moog Actual Tilt [deg],0.132952006,55.700000000,56.400000000,55.504232448,55.637184453,1337.797085943,1782.226761033,240.494075305,58.936000529,True,free_filled_mask+manual_radius_scale,1359.709991980,2409.652169223,240.494075305,3.922662920,True,completed_disk_centroid_from_arc
2026-06-08T12:19:45,MeinelRoof_20260605_09_51_58.h5,/Volumes/LaCie/Data/2026_06_05/MeinelRoof_20260605_09_51_58.h5,p0,Aquistion_0,calibration_acqui_up_1p5,0.000000000,1.500000000,1.381818182,1.000000000,0.824974787,-2.124974787,-1.300000000,0.824974787,0.824974787,34.300000000,33.000000000,33.779314030,31.654339244,1424.000000000,1.929056262,-1.300000000,Moog Actual Tilt [deg],0.195918525,55.700000000,57.000000000,55.504232448,55.700150973,1337.797085943,1782.226761033,240.494075305,58.936000529,True,free_filled_mask+manual_radius_scale,1370.706381678,2746.754891811,240.494075305,4.931509928,True,completed_disk_centroid_from_arc
2026-06-08T12:19:46,MeinelRoof_20260605_09_59_27.h5,/Volumes/LaCie/Data/2026_06_05/MeinelRoof_20260605_09_59_27.h5,p0,Aquistion_0,calibration_acqui_down_1p5,0.000000000,-1.500000000,1.381818182,1.000000000,-0.223939648,1.823939648,1.600000000,-0.223939648,0.223939648,32.800000000,34.400000000,32.045304374,33.869244023,1424.000000000,-1.987872131,1.600000000,Moog Actual Tilt [deg],0.163932483,57.200000000,55.600000000,57.073058206,57.236990688,1362.625311879,1864.818710148,241.462060502,59.165756889,True,free_filled_mask+manual_radius_scale,1368.439807551,870.882644477,241.462060502,6.620953269,True,completed_disk_centroid_from_arc
2026-06-08T12:19:46,MeinelRoof_20260605_09_59_27.h5,/Volumes/LaCie/Data/2026_06_05/MeinelRoof_20260605_09_59_27.h5,p0,Aquistion_0,calibration_acqui_down_1,0.000000000,-1.000000000,1.381818182,1.000000000,-0.089057402,1.289057402,1.200000000,-0.089057402,0.089057402,32.800000000,34.000000000,32.045304374,33.334361776,1424.000000000,-1.390214191,1.200000000,Moog Actual Tilt [deg],0.101156789,57.200000000,56.000000000,57.073058206,57.174214995,1362.625311879,1864.818710148,241.462060502,59.165756889,True,free_filled_mask+manual_radius_scale,1348.764999864,1169.711614547,241.462060502,4.893891198,True,completed_disk_centroid_from_arc
2026-06-08T12:19:47,MeinelRoof_20260605_09_59_27.h5,/Volumes/LaCie/Data/2026_06_05/MeinelRoof_20260605_09_59_27.h5,p0,Aquistion_0,calibration_acqui_down_0p5,0.000000000,-0.500000000,1.381818182,1.000000000,-0.063036675,0.763036675,0.700000000,-0.063036675,0.063036675,32.800000000,33.500000000,32.045304374,32.808341049,1424.000000000,-0.801409116,0.700000000,Moog Actual Tilt [deg],0.038372441,57.200000000,56.500000000,57.073058206,57.111430647,1362.625311879,1864.818710148,241.462060502,59.165756889,True,free_filled_mask+manual_radius_scale,1417.206014386,1464.114151995,241.462060502,5.683757770,True,completed_disk_centroid_from_arc
2026-06-08T12:19:47,MeinelRoof_20260605_09_59_27.h5,/Volumes/LaCie/Data/2026_06_05/MeinelRoof_20260605_09_59_27.h5,p0,Aquistion_0,calibration_acqui_up_0p5,0.000000000,0.500000000,1.381818182,1.000000000,0.290559813,-0.690559813,-0.400000000,0.290559813,0.290559813,32.800000000,32.400000000,32.045304374,31.354744561,1424.000000000,0.620794120,-0.400000000,Moog Actual Tilt [deg],0.069765692,57.200000000,57.600000000,57.073058206,57.142823898,1362.625311879,1864.818710148,241.462060502,59.165756889,True,free_filled_mask+manual_radius_scale,1435.573627504,2175.215770373,241.462060502,5.524524113,True,completed_disk_centroid_from_arc
2026-06-08T12:19:48,MeinelRoof_20260605_09_59_27.h5,/Volumes/LaCie/Data/2026_06_05/MeinelRoof_20260605_09_59_27.h5,p0,Aquistion_0,calibration_acqui_up_1,0.000000000,1.000000000,1.381818182,1.000000000,0.454384825,-1.254384825,-0.800000000,0.454384825,0.454384825,32.800000000,32.000000000,32.045304374,30.790919549,1424.000000000,1.121839102,-0.800000000,Moog Actual Tilt [deg],0.132545723,57.200000000,58.000000000,57.073058206,57.205603928,1362.625311879,1864.818710148,241.462060502,59.165756889,True,free_filled_mask+manual_radius_scale,1357.975845059,2425.738261056,241.462060502,3.954430908,True,completed_disk_centroid_from_arc
2026-06-08T12:19:48,MeinelRoof_20260605_09_59_27.h5,/Volumes/LaCie/Data/2026_06_05/MeinelRoof_20260605_09_59_27.h5,p0,Aquistion_0,calibration_acqui_up_1p5,0.000000000,1.500000000,1.381818182,1.000000000,0.529900525,-2.029900525,-1.500000000,0.529900525,0.529900525,32.800000000,31.300000000,32.045304374,30.015403849,1424.000000000,1.834583465,-1.500000000,Moog Actual Tilt [deg],0.195317060,57.200000000,58.700000000,57.073058206,57.268375266,1362.625311879,1864.818710148,241.462060502,59.165756889,True,free_filled_mask+manual_radius_scale,1368.749869777,2782.110442692,241.462060502,5.106750620,True,completed_disk_centroid_from_arc
2026-06-08T12:19:49,MeinelRoof_20260605_10_06_29.h5,/Volumes/LaCie/Data/2026_06_05/MeinelRoof_20260605_10_06_29.h5,p0,Aquistion_0,calibration_acqui_down_1p5,0.000000000,-1.500000000,1.381818182,1.000000000,-0.099375862,1.699375862,1.600000000,-0.099375862,0.099375862,31.400000000,33.000000000,30.660570216,32.359946078,1424.000000000,-1.911364789,1.600000000,Moog Actual Tilt [deg],0.211988927,58.600000000,57.000000000,58.542712345,58.754701273,1352.865089434,1822.358719492,241.861277184,59.271374354,True,free_filled_mask+manual_radius_scale,1423.802141188,866.676324762,241.861277184,6.602039219,True,completed_disk_centroid_from_arc
2026-06-08T12:19:50,MeinelRoof_20260605_10_06_29.h5,/Volumes/LaCie/Data/2026_06_05/MeinelRoof_20260605_10_06_29.h5,p0,Aquistion_0,calibration_acqui_down_1,0.000000000,-1.000000000,1.381818182,1.000000000,-0.229190570,1.229190570,1.000000000,-0.229190570,0.229190570,31.400000000,32.400000000,30.660570216,31.889760786,1424.000000000,-1.378638072,1.000000000,Moog Actual Tilt [deg],0.149447502,58.600000000,57.600000000,58.542712345,58.692159847,1352.865089434,1822.358719492,241.861277184,59.271374354,True,free_filled_mask+manual_radius_scale,1403.749021161,1133.039683490,241.861277184,5.037529352,True,completed_disk_centroid_from_arc
2026-06-08T12:19:50,MeinelRoof_20260605_10_06_29.h5,/Volumes/LaCie/Data/2026_06_05/MeinelRoof_20260605_10_06_29.h5,p0,Aquistion_0,calibration_acqui_down_0p5,0.000000000,-0.500000000,1.381818182,1.000000000,0.061186710,0.338813290,0.400000000,0.061186710,0.061186710,31.400000000,31.800000000,30.660570216,30.999383506,1424.000000000,-0.377049770,0.400000000,Moog Actual Tilt [deg],0.038236480,58.600000000,58.200000000,58.542712345,58.580948825,1352.865089434,1822.358719492,241.861277184,59.271374354,True,free_filled_mask+manual_radius_scale,1379.784697343,1633.833834621,241.861277184,6.482505629,True,completed_disk_centroid_from_arc
2026-06-08T12:19:51,MeinelRoof_20260605_10_06_29.h5,/Volumes/LaCie/Data/2026_06_05/MeinelRoof_20260605_10_06_29.h5,p0,Aquistion_0,calibration_acqui_up_0p5,0.000000000,0.500000000,1.381818182,1.000000000,0.205188095,-0.605188095,-0.400000000,0.205188095,0.205188095,31.400000000,31.000000000,30.660570216,30.055382121,1424.000000000,0.487015309,-0.400000000,Moog Actual Tilt [deg],0.118172785,58.600000000,59.000000000,58.542712345,58.660885131,1352.865089434,1822.358719492,241.861277184,59.271374354,True,free_filled_mask+manual_radius_scale,1392.215752100,2065.866374239,241.861277184,6.974559870,True,completed_disk_centroid_from_arc
2026-06-08T12:19:51,MeinelRoof_20260605_10_06_29.h5,/Volumes/LaCie/Data/2026_06_05/MeinelRoof_20260605_10_06_29.h5,p0,Aquistion_0,calibration_acqui_up_1,0.000000000,1.000000000,1.381818182,1.000000000,0.621027579,-1.521027579,-0.900000000,0.621027579,0.621027579,31.400000000,30.500000000,30.660570216,29.139542637,1424.000000000,1.340308026,-0.900000000,Moog Actual Tilt [deg],0.180719553,58.600000000,59.500000000,58.542712345,58.723431898,1352.865089434,1822.358719492,241.861277184,59.271374354,True,free_filled_mask+manual_radius_scale,1412.189264570,2492.512732610,241.861277184,3.711765355,True,completed_disk_centroid_from_arc
2026-06-08T12:19:52,MeinelRoof_20260605_10_06_29.h5,/Volumes/LaCie/Data/2026_06_05/MeinelRoof_20260605_10_06_29.h5,p0,Aquistion_0,calibration_acqui_up_1p5,0.000000000,1.500000000,1.381818182,1.000000000,0.818795165,-2.118795165,-1.300000000,0.818795165,0.818795165,31.400000000,30.100000000,30.660570216,28.541775050,1424.000000000,1.875539551,-1.300000000,Moog Actual Tilt [deg],0.243255614,58.600000000,59.900000000,58.542712345,58.785967959,1352.865089434,1822.358719492,241.861277184,59.271374354,True,free_filled_mask+manual_radius_scale,1374.352450100,2760.128495078,241.861277184,5.167909024,True,completed_disk_centroid_from_arc
2026-06-08T12:19:52,MeinelRoof_20260605_10_14_58.h5,/Volumes/LaCie/Data/2026_06_05/MeinelRoof_20260605_10_14_58.h5,p0,Aquistion_0,calibration_acqui_down_0p5,0.000000000,-0.500000000,1.381818182,1.000000000,-0.693109409,0.793109409,0.100000000,-0.693109409,0.693109409,29.900000000,30.000000000,28.430172037,29.223281446,1424.000000000,-0.824227095,0.100000000,Moog Actual Tilt [deg],0.031117687,60.100000000,60.000000000,60.307581105,60.338698792,1411.590772505,2055.123428628,242.540028431,59.437722061,True,free_filled_mask+manual_radius_scale,1376.051719372,1643.009880966,242.540028431,6.455340226,True,completed_disk_centroid_from_arc
2026-06-08T12:19:53,MeinelRoof_20260605_10_14_58.h5,/Volumes/LaCie/Data/2026_06_05/MeinelRoof_20260605_10_14_58.h5,p0,Aquistion_0,calibration_acqui_down_0p5,0.000000000,-0.500000000,1.381818182,1.000000000,-0.693109409,0.793109409,0.100000000,-0.693109409,0.693109409,29.900000000,30.000000000,28.430172037,29.223281446,1424.000000000,-0.824227095,0.100000000,Moog Actual Tilt [deg],0.031117687,60.100000000,60.000000000,60.307581105,60.338698792,1411.590772505,2055.123428628,242.540028431,59.437722061,True,free_filled_mask+manual_radius_scale,1376.051719372,1643.009880966,242.540028431,6.455340226,True,completed_disk_centroid_from_arc
2026-06-08T12:19:53,MeinelRoof_20260605_10_14_58.h5,/Volumes/LaCie/Data/2026_06_05/MeinelRoof_20260605_10_14_58.h5,p0,Aquistion_0,calibration_acqui_up_0p5,0.000000000,0.500000000,1.381818182,1.000000000,-0.247266843,-0.452733157,-0.700000000,-0.247266843,0.247266843,29.900000000,29.200000000,28.430172037,27.977438881,1424.000000000,0.390501102,-0.700000000,Moog Actual Tilt [deg],0.062232055,60.100000000,60.800000000,60.307581105,60.369813160,1411.590772505,2055.123428628,242.540028431,59.437722061,True,free_filled_mask+manual_radius_scale,1424.884500687,2250.373979691,242.540028431,4.919454982,True,completed_disk_centroid_from_arc
2026-06-08T12:19:54,MeinelRoof_20260605_10_15_58.h5,/Volumes/LaCie/Data/2026_06_05/MeinelRoof_20260605_10_15_58.h5,p0,Aquistion_0,calibration_acqui_down_1p5,0.000000000,-1.500000000,1.381818182,1.000000000,-0.556011962,2.056011962,1.500000000,-0.556011962,0.556011962,29.400000000,30.900000000,28.269701132,30.325713094,1424.000000000,-2.211454222,1.500000000,Moog Actual Tilt [deg],0.155442260,60.600000000,59.100000000,60.514969259,60.670411518,1440.441300961,2031.664804798,242.543751751,59.431484251,True,free_filled_mask+manual_radius_scale,1450.272654757,925.937693882,242.543751751,5.869988472,True,completed_disk_centroid_from_arc
2026-06-08T12:19:55,MeinelRoof_20260605_10_15_58.h5,/Volumes/LaCie/Data/2026_06_05/MeinelRoof_20260605_10_15_58.h5,p0,Aquistion_0,calibration_acqui_down_1,0.000000000,-1.000000000,1.381818182,1.000000000,-0.426871339,1.326871339,0.900000000,-0.426871339,0.426871339,29.400000000,30.300000000,28.269701132,29.596572471,1424.000000000,-1.420146998,0.900000000,Moog Actual Tilt [deg],0.093275659,60.600000000,59.700000000,60.514969259,60.608244917,1440.441300961,2031.664804798,242.543751751,59.431484251,True,free_filled_mask+manual_radius_scale,1445.755810859,1321.591305859,242.543751751,5.489079777,True,completed_disk_centroid_from_arc
2026-06-08T12:19:55,MeinelRoof_20260605_10_15_58.h5,/Volumes/LaCie/Data/2026_06_05/MeinelRoof_20260605_10_15_58.h5,p0,Aquistion_0,calibration_acqui_down_0p5,0.000000000,-0.500000000,1.381818182,1.000000000,-0.292259953,0.892259953,0.600000000,-0.292259953,0.292259953,29.400000000,30.000000000,28.269701132,29.161961085,1424.000000000,-0.923355255,0.600000000,Moog Actual Tilt [deg],0.031095302,60.600000000,60.000000000,60.514969259,60.546064560,1440.441300961,2031.664804798,242.543751751,59.431484251,True,free_filled_mask+manual_radius_scale,1434.488918472,1569.987177193,242.543751751,6.489297796,True,completed_disk_centroid_from_arc
2026-06-08T12:19:56,MeinelRoof_20260605_10_15_58.h5,/Volumes/LaCie/Data/2026_06_05/MeinelRoof_20260605_10_15_58.h5,p0,Aquistion_0,calibration_acqui_up_0p5,0.000000000,0.500000000,1.381818182,1.000000000,-0.057310445,-0.442689555,-0.500000000,-0.057310445,0.057310445,29.400000000,28.900000000,28.269701132,27.827011576,1424.000000000,0.380502363,-0.500000000,Moog Actual Tilt [deg],0.062187193,60.600000000,61.100000000,60.514969259,60.577156451,1440.441300961,2031.664804798,242.543751751,59.431484251,True,free_filled_mask+manual_radius_scale,1453.745720967,2221.915986231,242.543751751,5.302329884,True,completed_disk_centroid_from_arc
2026-06-08T12:19:56,MeinelRoof_20260605_10_15_58.h5,/Volumes/LaCie/Data/2026_06_05/MeinelRoof_20260605_10_15_58.h5,p0,Aquistion_0,calibration_acqui_up_1,0.000000000,1.000000000,1.381818182,1.000000000,0.144753450,-1.144753450,-1.000000000,0.144753450,0.144753450,29.400000000,28.400000000,28.269701132,27.124947682,1424.000000000,1.020392764,-1.000000000,Moog Actual Tilt [deg],0.124360686,60.600000000,61.600000000,60.514969259,60.639329944,1440.441300961,2031.664804798,242.543751751,59.431484251,True,free_filled_mask+manual_radius_scale,1436.578349925,2541.861186891,242.543751751,3.937675907,True,completed_disk_centroid_from_arc
2026-06-08T12:19:57,MeinelRoof_20260605_10_15_58.h5,/Volumes/LaCie/Data/2026_06_05/MeinelRoof_20260605_10_15_58.h5,p0,Aquistion_0,calibration_acqui_up_1p5,0.000000000,1.500000000,1.381818182,1.000000000,0.190617622,-1.590617622,-1.400000000,0.190617622,0.190617622,29.400000000,28.000000000,28.269701132,26.679083510,1424.000000000,1.404097255,-1.400000000,Moog Actual Tilt [deg],0.186520367,60.600000000,62.000000000,60.514969259,60.701489625,1440.441300961,2031.664804798,242.543751751,59.431484251,True,free_filled_mask+manual_radius_scale,1418.759593097,2733.713432297,242.543751751,5.432547665,True,completed_disk_centroid_from_arc
2026-06-08T12:19:57,MeinelRoof_20260605_10_20_48.h5,/Volumes/LaCie/Data/2026_06_05/MeinelRoof_20260605_10_20_48.h5,p0,Aquistion_0,calibration_acqui_down_1,0.000000000,-1.000000000,1.381818182,1.000000000,-0.148009173,1.048009173,0.900000000,-0.148009173,0.148009173,28.600000000,29.500000000,27.718664928,28.766674101,1424.000000000,-1.154694998,0.900000000,Moog Actual Tilt [deg],0.106685825,61.400000000,60.500000000,61.515140211,61.621826036,1517.030665618,1807.097430204,242.734750689,59.502346854,True,free_filled_mask+manual_radius_scale,1497.636922630,1229.749931142,242.734750689,4.928878258,True,completed_disk_centroid_from_arc
2026-06-08T12:19:58,MeinelRoof_20260605_10_20_48.h5,/Volumes/LaCie/Data/2026_06_05/MeinelRoof_20260605_10_20_48.h5,p0,Aquistion_0,calibration_acqui_down_1,0.000000000,-1.000000000,1.381818182,1.000000000,-0.148009173,1.048009173,0.900000000,-0.148009173,0.148009173,28.600000000,29.500000000,27.718664928,28.766674101,1424.000000000,-1.154694998,0.900000000,Moog Actual Tilt [deg],0.106685825,61.400000000,60.500000000,61.515140211,61.621826036,1517.030665618,1807.097430204,242.734750689,59.502346854,True,free_filled_mask+manual_radius_scale,1497.636922630,1229.749931142,242.734750689,4.928878258,True,completed_disk_centroid_from_arc
2026-06-08T12:19:59,MeinelRoof_20260605_10_20_48.h5,/Volumes/LaCie/Data/2026_06_05/MeinelRoof_20260605_10_20_48.h5,p0,Aquistion_0,calibration_acqui_down_0p5,0.000000000,-0.500000000,1.381818182,1.000000000,-0.194715301,0.594715301,0.400000000,-0.194715301,0.194715301,28.600000000,29.000000000,27.718664928,28.313380229,1424.000000000,-0.636018529,0.400000000,Moog Actual Tilt [deg],0.041303228,61.400000000,61.000000000,61.515140211,61.556443439,1517.030665618,1807.097430204,242.734750689,59.502346854,True,free_filled_mask+manual_radius_scale,1507.306445973,1489.088165938,242.734750689,6.157723866,True,completed_disk_centroid_from_arc
2026-06-08T12:19:59,MeinelRoof_20260605_10_20_48.h5,/Volumes/LaCie/Data/2026_06_05/MeinelRoof_20260605_10_20_48.h5,p0,Aquistion_0,calibration_acqui_up_0p5,0.000000000,0.500000000,1.381818182,1.000000000,0.424403436,-0.924403436,-0.500000000,0.424403436,0.424403436,28.600000000,28.100000000,27.718664928,26.794261492,1424.000000000,0.848686141,-0.500000000,Moog Actual Tilt [deg],0.075717295,61.400000000,61.900000000,61.515140211,61.590857506,1517.030665618,1807.097430204,242.734750689,59.502346854,True,free_filled_mask+manual_radius_scale,1493.775464605,2231.440500741,242.734750689,5.035635928,True,completed_disk_centroid_from_arc
2026-06-08T12:20:00,MeinelRoof_20260605_10_20_48.h5,/Volumes/LaCie/Data/2026_06_05/MeinelRoof_20260605_10_20_48.h5,p0,Aquistion_0,calibration_acqui_up_1,0.000000000,1.000000000,1.381818182,1.000000000,0.476225705,-1.476225705,-1.000000000,0.476225705,0.476225705,28.600000000,27.600000000,27.718664928,26.242439223,1424.000000000,1.338575280,-1.000000000,Moog Actual Tilt [deg],0.137650426,61.400000000,62.400000000,61.515140211,61.652790637,1517.030665618,1807.097430204,242.734750689,59.502346854,True,free_filled_mask+manual_radius_scale,1506.813236848,2476.385070040,242.734750689,3.436077335,True,completed_disk_centroid_from_arc
2026-06-08T12:20:00,MeinelRoof_20260605_10_23_48.h5,/Volumes/LaCie/Data/2026_06_05/MeinelRoof_20260605_10_23_48.h5,p0,Aquistion_0,calibration_acqui_down_1p5,0.000000000,-1.500000000,1.381818182,1.000000000,-0.402180781,1.802180781,1.400000000,-0.402180781,0.402180781,27.900000000,29.300000000,26.747354438,28.549535219,1424.000000000,-1.956624240,1.400000000,Moog Actual Tilt [deg],0.154443459,62.100000000,60.700000000,62.133943963,62.288387422,1404.734148292,1983.350799481,243.238909266,59.612873345,True,free_filled_mask+manual_radius_scale,1409.128389546,1005.038679363,243.238909266,5.785047363,True,completed_disk_centroid_from_arc
2026-06-08T12:20:01,MeinelRoof_20260605_10_23_48.h5,/Volumes/LaCie/Data/2026_06_05/MeinelRoof_20260605_10_23_48.h5,p0,Aquistion_0,calibration_acqui_down_1,0.000000000,-1.000000000,1.381818182,1.000000000,-0.380141923,1.280141923,0.900000000,-0.380141923,0.380141923,27.900000000,28.800000000,26.747354438,28.027496360,1424.000000000,-1.372820746,0.900000000,Moog Actual Tilt [deg],0.092678823,62.100000000,61.200000000,62.133943963,62.226622786,1404.734148292,1983.350799481,243.238909266,59.612873345,True,free_filled_mask+manual_radius_scale,1419.109659472,1296.940426699,243.238909266,5.391089659,True,completed_disk_centroid_from_arc
2026-06-08T12:20:02,MeinelRoof_20260605_10_23_48.h5,/Volumes/LaCie/Data/2026_06_05/MeinelRoof_20260605_10_23_48.h5,p0,Aquistion_0,calibration_acqui_down_0p5,0.000000000,-0.500000000,1.381818182,1.000000000,-0.085517235,0.685517235,0.600000000,-0.085517235,0.085517235,27.900000000,28.500000000,26.747354438,27.432871672,1424.000000000,-0.716414402,0.600000000,Moog Actual Tilt [deg],0.030897167,62.100000000,61.500000000,62.133943963,62.164841131,1404.734148292,1983.350799481,243.238909266,59.612873345,True,free_filled_mask+manual_radius_scale,1378.965299315,1625.143598492,243.238909266,6.401438169,True,completed_disk_centroid_from_arc
2026-06-08T12:20:02,MeinelRoof_20260605_10_23_48.h5,/Volumes/LaCie/Data/2026_06_05/MeinelRoof_20260605_10_23_48.h5,p0,Aquistion_0,calibration_acqui_up_0p5,0.000000000,0.500000000,1.381818182,1.000000000,0.075881699,-0.575881699,-0.500000000,0.075881699,0.075881699,27.900000000,27.400000000,26.747354438,26.171472739,1424.000000000,0.514091585,-0.500000000,Moog Actual Tilt [deg],0.061790114,62.100000000,62.600000000,62.133943963,62.195734077,1404.734148292,1983.350799481,243.238909266,59.612873345,True,free_filled_mask+manual_radius_scale,1383.204000270,2240.396591922,243.238909266,5.200849601,True,completed_disk_centroid_from_arc
2026-06-08T12:20:03,MeinelRoof_20260605_10_23_48.h5,/Volumes/LaCie/Data/2026_06_05/MeinelRoof_20260605_10_23_48.h5,p0,Aquistion_0,calibration_acqui_up_1,0.000000000,1.000000000,1.381818182,1.000000000,-0.229566256,-0.770433744,-1.000000000,-0.229566256,0.229566256,27.900000000,26.900000000,26.747354438,25.976920694,1424.000000000,0.646870467,-1.000000000,Moog Actual Tilt [deg],0.123563277,62.100000000,63.100000000,62.133943963,62.257507240,1404.734148292,1983.350799481,243.238909266,59.612873345,True,free_filled_mask+manual_radius_scale,1393.071426076,2306.786032941,243.238909266,4.425040370,True,completed_disk_centroid_from_arc
2026-06-08T12:20:03,MeinelRoof_20260605_10_23_48.h5,/Volumes/LaCie/Data/2026_06_05/MeinelRoof_20260605_10_23_48.h5,p0,Aquistion_0,calibration_acqui_up_1p5,0.000000000,1.500000000,1.381818182,1.000000000,0.049941901,-1.549941901,-1.500000000,0.049941901,0.049941901,27.900000000,26.400000000,26.747354438,25.197412537,1424.000000000,1.364622550,-1.500000000,Moog Actual Tilt [deg],0.185319351,62.100000000,63.600000000,62.133943963,62.319263314,1404.734148292,1983.350799481,243.238909266,59.612873345,True,free_filled_mask+manual_radius_scale,1412.245004105,2665.662074300,243.238909266,5.913788957,True,completed_disk_centroid_from_arc
2026-06-08T12:20:04,MeinelRoof_20260605_10_26_38.h5,/Volumes/LaCie/Data/2026_06_05/MeinelRoof_20260605_10_26_38.h5,p0,Aquistion_0,calibration_acqui_down_1p5,0.000000000,-1.500000000,1.381818182,1.000000000,0.252579039,1.247420961,1.500000000,0.252579039,0.252579039,27.200000000,28.700000000,26.552148780,27.799569741,1424.000000000,-1.404869074,1.500000000,Moog Actual Tilt [deg],0.157448112,62.800000000,61.300000000,62.716827443,62.874275556,1361.328349542,1789.511888487,243.088353780,59.582452535,True,free_filled_mask+manual_radius_scale,1358.367706326,1087.077351693,243.088353780,5.355035003,True,completed_disk_centroid_from_arc
2026-06-08T12:20:04,MeinelRoof_20260605_10_26_38.h5,/Volumes/LaCie/Data/2026_06_05/MeinelRoof_20260605_10_26_38.h5,p0,Aquistion_0,calibration_acqui_down_1,0.000000000,-1.000000000,1.381818182,1.000000000,0.037412850,0.962587150,1.000000000,0.037412850,0.037412850,27.200000000,28.200000000,26.552148780,27.514735929,1424.000000000,-1.055016879,1.000000000,Moog Actual Tilt [deg],0.092429729,62.800000000,61.800000000,62.716827443,62.809257172,1361.328349542,1789.511888487,243.088353780,59.582452535,True,free_filled_mask+manual_radius_scale,1364.449600026,1262.003449230,243.088353780,5.445007972,True,completed_disk_centroid_from_arc
2026-06-08T12:20:05,MeinelRoof_20260605_10_26_38.h5,/Volumes/LaCie/Data/2026_06_05/MeinelRoof_20260605_10_26_38.h5,p0,Aquistion_0,calibration_acqui_down_0p5,0.000000000,-0.500000000,1.381818182,1.000000000,0.062422245,0.537577755,0.600000000,0.062422245,0.062422245,27.200000000,27.800000000,26.552148780,27.089726534,1424.000000000,-0.571815778,0.600000000,Moog Actual Tilt [deg],0.034238023,62.800000000,62.200000000,62.716827443,62.751065466,1361.328349542,1789.511888487,243.088353780,59.582452535,True,free_filled_mask+manual_radius_scale,1373.500199953,1503.603999635,243.088353780,6.226618485,True,completed_disk_centroid_from_arc
2026-06-08T12:20:06,MeinelRoof_20260605_10_26_38.h5,/Volumes/LaCie/Data/2026_06_05/MeinelRoof_20260605_10_26_38.h5,p0,Aquistion_0,calibration_acqui_up_0p5,0.000000000,0.500000000,1.381818182,1.000000000,0.505216594,-0.905216594,-0.400000000,0.505216594,0.505216594,27.200000000,26.800000000,26.552148780,25.646932185,1424.000000000,0.840169163,-0.400000000,Moog Actual Tilt [deg],0.065047431,62.800000000,63.200000000,62.716827443,62.781874875,1361.328349542,1789.511888487,243.088353780,59.582452535,True,free_filled_mask+manual_radius_scale,1360.751211682,2209.596469968,243.088353780,5.648089808,True,completed_disk_centroid_from_arc
2026-06-08T12:20:07,MeinelRoof_20260605_10_26_38.h5,/Volumes/LaCie/Data/2026_06_05/MeinelRoof_20260605_10_26_38.h5,p0,Aquistion_0,calibration_acqui_up_1,0.000000000,1.000000000,1.381818182,1.000000000,0.277672760,-1.177672760,-0.900000000,0.277672760,0.277672760,27.200000000,26.300000000,26.552148780,25.374476019,1424.000000000,1.054442286,-0.900000000,Moog Actual Tilt [deg],0.123230474,62.800000000,63.700000000,62.716827443,62.840057917,1361.328349542,1789.511888487,243.088353780,59.582452535,True,free_filled_mask+manual_radius_scale,1363.321716020,2316.733031601,243.088353780,4.643985744,True,completed_disk_centroid_from_arc
2026-06-08T12:20:07,MeinelRoof_20260605_10_26_38.h5,/Volumes/LaCie/Data/2026_06_05/MeinelRoof_20260605_10_26_38.h5,p0,Aquistion_0,calibration_acqui_up_1p5,0.000000000,1.500000000,1.381818182,1.000000000,0.607917544,-2.007917544,-1.400000000,0.607917544,0.607917544,27.200000000,25.800000000,26.552148780,24.544231236,1424.000000000,1.819678449,-1.400000000,Moog Actual Tilt [deg],0.188239095,62.800000000,64.200000000,62.716827443,62.905066539,1361.328349542,1789.511888487,243.088353780,59.582452535,True,free_filled_mask+manual_radius_scale,1362.504208248,2699.351112773,243.088353780,5.712741618,True,completed_disk_centroid_from_arc
2026-06-08T12:20:08,MeinelRoof_20260605_10_33_28.h5,/Volumes/LaCie/Data/2026_06_05/MeinelRoof_20260605_10_33_28.h5,p0,Aquistion_0,calibration_acqui_down_1p5,0.000000000,-1.500000000,1.381818182,1.000000000,-0.174077770,1.874077770,1.700000000,-0.174077770,0.174077770,25.800000000,27.500000000,24.793375590,26.667453361,1424.000000000,-2.026956573,1.700000000,Moog Actual Tilt [deg],0.152878803,64.200000000,62.500000000,64.115686040,64.268564843,1407.478360524,1969.469184765,244.474329380,59.920695394,True,free_filled_mask+manual_radius_scale,1386.031207321,955.990898117,244.474329380,6.104080909,True,completed_disk_centroid_from_arc
2026-06-08T12:20:08,MeinelRoof_20260605_10_33_28.h5,/Volumes/LaCie/Data/2026_06_05/MeinelRoof_20260605_10_33_28.h5,p0,Aquistion_0,calibration_acqui_down_1,0.000000000,-1.000000000,1.381818182,1.000000000,-0.270966127,1.270966127,1.000000000,-0.270966127,0.270966127,25.800000000,26.800000000,24.793375590,26.064341717,1424.000000000,-1.362709989,1.000000000,Moog Actual Tilt [deg],0.091743862,64.200000000,63.200000000,64.115686040,64.207429902,1407.478360524,1969.469184765,244.474329380,59.920695394,True,free_filled_mask+manual_radius_scale,1384.512798146,1288.114190256,244.474329380,5.414669204,True,completed_disk_centroid_from_arc
2026-06-08T12:20:09,MeinelRoof_20260605_10_33_28.h5,/Volumes/LaCie/Data/2026_06_05/MeinelRoof_20260605_10_33_28.h5,p0,Aquistion_0,calibration_acqui_down_0p5,0.000000000,-0.500000000,1.381818182,1.000000000,-0.314557976,0.714557976,0.400000000,-0.314557976,0.314557976,25.800000000,26.200000000,24.793375590,25.507933567,1424.000000000,-0.745144760,0.400000000,Moog Actual Tilt [deg],0.030586784,64.200000000,63.800000000,64.115686040,64.146272824,1407.478360524,1969.469184765,244.474329380,59.920695394,True,free_filled_mask+manual_radius_scale,1393.205573902,1596.896804729,244.474329380,6.440617848,True,completed_disk_centroid_from_arc
2026-06-08T12:20:10,MeinelRoof_20260605_10_33_28.h5,/Volumes/LaCie/Data/2026_06_05/MeinelRoof_20260605_10_33_28.h5,p0,Aquistion_0,calibration_acqui_up_0p5,0.000000000,0.500000000,1.381818182,1.000000000,0.039388455,-0.439388455,-0.400000000,0.039388455,0.039388455,25.800000000,25.400000000,24.793375590,24.353987135,1424.000000000,0.378220376,-0.400000000,Moog Actual Tilt [deg],0.061168079,64.200000000,64.600000000,64.115686040,64.176854119,1407.478360524,1969.469184765,244.474329380,59.920695394,True,free_filled_mask+manual_radius_scale,1402.776330842,2158.579372816,244.474329380,5.913075861,True,completed_disk_centroid_from_arc
2026-06-08T12:20:10,MeinelRoof_20260605_10_33_28.h5,/Volumes/LaCie/Data/2026_06_05/MeinelRoof_20260605_10_33_28.h5,p0,Aquistion_0,calibration_acqui_up_1,0.000000000,1.000000000,1.381818182,1.000000000,0.225273650,-1.125273650,-0.900000000,0.225273650,0.225273650,25.800000000,24.900000000,24.793375590,23.668101941,1424.000000000,1.002959538,-0.900000000,Moog Actual Tilt [deg],0.122314111,64.200000000,65.100000000,64.115686040,64.238000151,1407.478360524,1969.469184765,244.474329380,59.920695394,True,free_filled_mask+manual_radius_scale,1395.936281091,2470.948953981,244.474329380,3.988371898,True,completed_disk_centroid_from_arc
2026-06-08T12:20:11,MeinelRoof_20260605_10_33_28.h5,/Volumes/LaCie/Data/2026_06_05/MeinelRoof_20260605_10_33_28.h5,p0,Aquistion_0,calibration_acqui_up_1p5,0.000000000,1.500000000,1.381818182,1.000000000,0.347975347,-1.647975347,-1.300000000,0.347975347,0.347975347,25.800000000,24.500000000,24.793375590,23.145400244,1424.000000000,1.464537431,-1.300000000,Moog Actual Tilt [deg],0.183437915,64.200000000,65.500000000,64.115686040,64.299123955,1407.478360524,1969.469184765,244.474329380,59.920695394,True,free_filled_mask+manual_radius_scale,1374.906945370,2701.737900480,244.474329380,6.133535092,True,completed_disk_centroid_from_arc
2026-06-08T12:20:12,MeinelRoof_20260605_10_38_47.h5,/Volumes/LaCie/Data/2026_06_05/MeinelRoof_20260605_10_38_47.h5,p0,Aquistion_0,calibration_acqui_down_1p5,0.000000000,-1.500000000,1.381818182,1.000000000,-0.100127652,1.700127652,1.600000000,-0.100127652,0.100127652,24.700000000,26.300000000,23.904904294,25.605031946,1424.000000000,-1.855324691,1.600000000,Moog Actual Tilt [deg],0.155197039,65.300000000,63.700000000,65.196307736,65.351504775,1372.743406310,1873.393985114,245.165212559,60.088158410,True,free_filled_mask+manual_radius_scale,1423.455687179,945.731639563,245.165212559,6.318309696,True,completed_disk_centroid_from_arc
2026-06-08T12:20:13,MeinelRoof_20260605_10_38_47.h5,/Volumes/LaCie/Data/2026_06_05/MeinelRoof_20260605_10_38_47.h5,p0,Aquistion_0,calibration_acqui_down_1,0.000000000,-1.000000000,1.381818182,1.000000000,-0.142898227,1.142898227,1.000000000,-0.142898227,0.142898227,24.700000000,25.700000000,23.904904294,25.047802521,1424.000000000,-1.237385898,1.000000000,Moog Actual Tilt [deg],0.094487671,65.300000000,64.300000000,65.196307736,65.290795407,1372.743406310,1873.393985114,245.165212559,60.088158410,True,free_filled_mask+manual_radius_scale,1408.725969281,1254.701035970,245.165212559,5.416786448,True,completed_disk_centroid_from_arc
2026-06-08T12:20:13,MeinelRoof_20260605_10_38_47.h5,/Volumes/LaCie/Data/2026_06_05/MeinelRoof_20260605_10_38_47.h5,p0,Aquistion_0,calibration_acqui_down_0p5,0.000000000,-0.500000000,1.381818182,1.000000000,-0.106513275,0.606513275,0.500000000,-0.106513275,0.106513275,24.700000000,25.200000000,23.904904294,24.511417568,1424.000000000,-0.640265942,0.500000000,Moog Actual Tilt [deg],0.033752667,65.300000000,64.800000000,65.196307736,65.230060403,1372.743406310,1873.393985114,245.165212559,60.088158410,True,free_filled_mask+manual_radius_scale,1385.152409822,1553.261014172,245.165212559,6.502512850,True,completed_disk_centroid_from_arc
2026-06-08T12:20:14,MeinelRoof_20260605_10_38_47.h5,/Volumes/LaCie/Data/2026_06_05/MeinelRoof_20260605_10_38_47.h5,p0,Aquistion_0,calibration_acqui_up_0p5,0.000000000,0.500000000,1.381818182,1.000000000,0.409083881,-0.809083881,-0.400000000,0.409083881,0.409083881,24.700000000,24.300000000,23.904904294,23.095820412,1424.000000000,0.744960521,-0.400000000,Moog Actual Tilt [deg],0.064123360,65.300000000,65.700000000,65.196307736,65.260431096,1372.743406310,1873.393985114,245.165212559,60.088158410,True,free_filled_mask+manual_radius_scale,1405.921331582,2245.874245769,245.165212559,5.047691434,True,completed_disk_centroid_from_arc
2026-06-08T12:20:14,MeinelRoof_20260605_10_38_47.h5,/Volumes/LaCie/Data/2026_06_05/MeinelRoof_20260605_10_38_47.h5,p0,Aquistion_0,calibration_acqui_up_1,0.000000000,1.000000000,1.381818182,1.000000000,0.376605684,-1.376605684,-1.000000000,0.376605684,0.376605684,24.700000000,23.700000000,23.904904294,22.528298610,1424.000000000,1.251760112,-1.000000000,Moog Actual Tilt [deg],0.124845573,65.300000000,66.300000000,65.196307736,65.321153309,1372.743406310,1873.393985114,245.165212559,60.088158410,True,free_filled_mask+manual_radius_scale,1419.763106717,2499.274040872,245.165212559,4.172020101,True,completed_disk_centroid_from_arc
2026-06-08T12:20:15,MeinelRoof_20260605_10_38_47.h5,/Volumes/LaCie/Data/2026_06_05/MeinelRoof_20260605_10_38_47.h5,p0,Aquistion_0,calibration_acqui_up_1p5,0.000000000,1.500000000,1.381818182,1.000000000,0.667848018,-1.967848018,-1.300000000,0.667848018,0.667848018,24.700000000,23.400000000,23.904904294,21.937056276,1424.000000000,1.782305975,-1.300000000,Moog Actual Tilt [deg],0.185542044,65.300000000,66.600000000,65.196307736,65.381849780,1372.743406310,1873.393985114,245.165212559,60.088158410,True,free_filled_mask+manual_radius_scale,1405.539143063,2764.546972370,245.165212559,5.893910518,True,completed_disk_centroid_from_arc
2026-06-08T12:20:15,MeinelRoof_20260605_10_44_07.h5,/Volumes/LaCie/Data/2026_06_05/MeinelRoof_20260605_10_44_07.h5,p0,Aquistion_0,calibration_acqui_down_1p5,0.000000000,-1.500000000,1.381818182,1.000000000,-0.215010636,1.715010636,1.500000000,-0.215010636,0.215010636,23.700000000,25.200000000,22.893291717,24.608302353,1424.000000000,-1.868955106,1.500000000,Moog Actual Tilt [deg],0.153944470,66.300000000,64.800000000,66.272314533,66.426259003,1394.974716051,1841.196875038,244.720648101,59.983177674,True,free_filled_mask+manual_radius_scale,1416.875662768,906.719321956,244.720648101,6.501866485,True,completed_disk_centroid_from_arc
2026-06-08T12:20:16,MeinelRoof_20260605_10_44_07.h5,/Volumes/LaCie/Data/2026_06_05/MeinelRoof_20260605_10_44_07.h5,p0,Aquistion_0,calibration_acqui_down_1,0.000000000,-1.000000000,1.381818182,1.000000000,-0.110826000,1.010826000,0.900000000,-0.110826000,0.110826000,23.700000000,24.600000000,22.893291717,23.904117717,1424.000000000,-1.104554429,0.900000000,Moog Actual Tilt [deg],0.093728429,66.300000000,65.400000000,66.272314533,66.366042962,1394.974716051,1841.196875038,244.720648101,59.983177674,True,free_filled_mask+manual_radius_scale,1439.403170899,1288.919660511,244.720648101,5.456070621,True,completed_disk_centroid_from_arc
2026-06-08T12:20:17,MeinelRoof_20260605_10_44_07.h5,/Volumes/LaCie/Data/2026_06_05/MeinelRoof_20260605_10_44_07.h5,p0,Aquistion_0,calibration_acqui_down_0p5,0.000000000,-0.500000000,1.381818182,1.000000000,-0.027868497,0.527868497,0.500000000,-0.027868497,0.027868497,23.700000000,24.200000000,22.893291717,23.421160214,1424.000000000,-0.561351139,0.500000000,Moog Actual Tilt [deg],0.033482642,66.300000000,65.800000000,66.272314533,66.305797175,1394.974716051,1841.196875038,244.720648101,59.983177674,True,free_filled_mask+manual_radius_scale,1407.150973362,1560.521305376,244.720648101,6.538662767,True,completed_disk_centroid_from_arc
2026-06-08T12:20:17,MeinelRoof_20260605_10_44_07.h5,/Volumes/LaCie/Data/2026_06_05/MeinelRoof_20260605_10_44_07.h5,p0,Aquistion_0,calibration_acqui_up_0p5,0.000000000,0.500000000,1.381818182,1.000000000,0.377265556,-0.877265556,-0.500000000,0.377265556,0.377265556,23.700000000,23.200000000,22.893291717,22.016026161,1424.000000000,0.813656318,-0.500000000,Moog Actual Tilt [deg],0.063609238,66.300000000,66.800000000,66.272314533,66.335923771,1394.974716051,1841.196875038,244.720648101,59.983177674,True,free_filled_mask+manual_radius_scale,1426.503518452,2248.025034043,244.720648101,5.057823066,True,completed_disk_centroid_from_arc
2026-06-08T12:20:18,MeinelRoof_20260605_10_44_07.h5,/Volumes/LaCie/Data/2026_06_05/MeinelRoof_20260605_10_44_07.h5,p0,Aquistion_0,calibration_acqui_up_1,0.000000000,1.000000000,1.381818182,1.000000000,0.483028736,-1.383028736,-0.900000000,0.483028736,0.483028736,23.700000000,22.800000000,22.893291717,21.510262980,1424.000000000,1.259188553,-0.900000000,Moog Actual Tilt [deg],0.123840184,66.300000000,67.200000000,66.272314533,66.396154717,1394.974716051,1841.196875038,244.720648101,59.983177674,True,free_filled_mask+manual_radius_scale,1422.635088704,2470.791151508,244.720648101,3.953221635,True,completed_disk_centroid_from_arc
2026-06-08T12:20:18,MeinelRoof_20260605_10_44_07.h5,/Volumes/LaCie/Data/2026_06_05/MeinelRoof_20260605_10_44_07.h5,p0,Aquistion_0,calibration_acqui_up_1p5,0.000000000,1.500000000,1.381818182,1.000000000,0.571399889,-2.071399889,-1.500000000,0.571399889,0.571399889,23.700000000,22.200000000,22.893291717,20.821891828,1424.000000000,1.887358632,-1.500000000,Moog Actual Tilt [deg],0.184041258,66.300000000,67.800000000,66.272314533,66.456355791,1394.974716051,1841.196875038,244.720648101,59.983177674,True,free_filled_mask+manual_radius_scale,1419.010941037,2784.876190818,244.720648101,5.740075408,True,completed_disk_centroid_from_arc
2026-06-08T12:20:19,MeinelRoof_20260605_10_49_01.h5,/Volumes/LaCie/Data/2026_06_05/MeinelRoof_20260605_10_49_01.h5,p0,Aquistion_0,calibration_acqui_down_1p5,0.000000000,-1.500000000,1.381818182,1.000000000,-0.182794878,1.782794878,1.600000000,-0.182794878,0.182794878,22.700000000,24.300000000,21.907704059,23.690498937,1424.000000000,-1.935410752,1.600000000,Moog Actual Tilt [deg],0.152615874,67.300000000,65.700000000,67.252734912,67.405350786,1403.456939777,1843.780514050,245.346898833,60.141893964,True,free_filled_mask+manual_radius_scale,1457.412631173,876.075138273,245.346898833,6.646970367,True,completed_disk_centroid_from_arc
2026-06-08T12:20:20,MeinelRoof_20260605_10_49_01.h5,/Volumes/LaCie/Data/2026_06_05/MeinelRoof_20260605_10_49_01.h5,p0,Aquistion_0,calibration_acqui_down_1,0.000000000,-1.000000000,1.381818182,1.000000000,-0.107003642,1.107003642,1.000000000,-0.107003642,0.107003642,22.700000000,23.700000000,21.907704059,23.014707701,1424.000000000,-1.199926802,1.000000000,Moog Actual Tilt [deg],0.092923161,67.300000000,66.300000000,67.252734912,67.345658073,1403.456939777,1843.780514050,245.346898833,60.141893964,True,free_filled_mask+manual_radius_scale,1432.657600350,1243.817112807,245.346898833,5.483173954,True,completed_disk_centroid_from_arc
2026-06-08T12:20:20,MeinelRoof_20260605_10_49_01.h5,/Volumes/LaCie/Data/2026_06_05/MeinelRoof_20260605_10_49_01.h5,p0,Aquistion_0,calibration_acqui_down_0p5,0.000000000,-0.500000000,1.381818182,1.000000000,-0.025390341,0.625390341,0.600000000,-0.025390341,0.025390341,22.700000000,23.300000000,21.907704059,22.533094400,1424.000000000,-0.658586609,0.600000000,Moog Actual Tilt [deg],0.033196268,67.300000000,66.700000000,67.252734912,67.285931181,1403.456939777,1843.780514050,245.346898833,60.141893964,True,free_filled_mask+manual_radius_scale,1409.677279061,1514.487209586,245.346898833,6.498646595,True,completed_disk_centroid_from_arc
2026-06-08T12:20:21,MeinelRoof_20260605_10_49_01.h5,/Volumes/LaCie/Data/2026_06_05/MeinelRoof_20260605_10_49_01.h5,p0,Aquistion_0,calibration_acqui_up_0p5,0.000000000,0.500000000,1.381818182,1.000000000,0.593939267,-0.893939267,-0.300000000,0.593939267,0.593939267,22.700000000,22.400000000,21.907704059,21.013764792,1424.000000000,0.830875299,-0.300000000,Moog Actual Tilt [deg],0.063063968,67.300000000,67.600000000,67.252734912,67.315798881,1403.456939777,1843.780514050,245.346898833,60.141893964,True,free_filled_mask+manual_radius_scale,1429.144858299,2259.218163506,245.346898833,4.896444443,True,completed_disk_centroid_from_arc
2026-06-08T12:20:21,MeinelRoof_20260605_10_49_01.h5,/Volumes/LaCie/Data/2026_06_05/MeinelRoof_20260605_10_49_01.h5,p0,Aquistion_0,calibration_acqui_up_1,0.000000000,1.000000000,1.381818182,1.000000000,0.515951698,-1.415951698,-0.900000000,0.515951698,0.515951698,22.700000000,21.800000000,21.907704059,20.491752362,1424.000000000,1.293177890,-0.900000000,Moog Actual Tilt [deg],0.122773808,67.300000000,68.200000000,67.252734912,67.375508720,1403.456939777,1843.780514050,245.346898833,60.141893964,True,free_filled_mask+manual_radius_scale,1444.384211924,2490.369458993,245.346898833,4.102912456,True,completed_disk_centroid_from_arc
2026-06-08T12:20:22,MeinelRoof_20260605_10_49_01.h5,/Volumes/LaCie/Data/2026_06_05/MeinelRoof_20260605_10_49_01.h5,p0,Aquistion_0,calibration_acqui_up_1p5,0.000000000,1.500000000,1.381818182,1.000000000,0.672625461,-2.072625461,-1.400000000,0.672625461,0.672625461,22.700000000,21.300000000,21.907704059,19.835078599,1424.000000000,1.890176139,-1.400000000,Moog Actual Tilt [deg],0.182449321,67.300000000,68.700000000,67.252734912,67.435184234,1403.456939777,1843.780514050,245.346898833,60.141893964,True,free_filled_mask+manual_radius_scale,1444.246749081,2788.868583696,245.346898833,5.771386159,True,completed_disk_centroid_from_arc
2026-06-08T12:20:22,MeinelRoof_20260605_10_53_57.h5,/Volumes/LaCie/Data/2026_06_05/MeinelRoof_20260605_10_53_57.h5,p0,Aquistion_0,calibration_acqui_down_1p5,0.000000000,-1.500000000,1.381818182,1.000000000,-0.079188181,1.579188181,1.500000000,-0.079188181,0.079188181,21.800000000,23.300000000,21.073360965,22.652549146,1424.000000000,-1.730264338,1.500000000,Moog Actual Tilt [deg],0.151076156,68.200000000,66.700000000,68.230715634,68.381791790,1436.938737688,1771.961700608,244.386555322,59.910190129,True,free_filled_mask+manual_radius_scale,1439.675087873,906.829531821,244.386555322,6.424284082,True,completed_disk_centroid_from_arc
2026-06-08T12:20:23,MeinelRoof_20260605_10_53_57.h5,/Volumes/LaCie/Data/2026_06_05/MeinelRoof_20260605_10_53_57.h5,p0,Aquistion_0,calibration_acqui_down_1,0.000000000,-1.000000000,1.381818182,1.000000000,0.122427119,0.877572881,1.000000000,0.122427119,0.122427119,21.800000000,22.800000000,21.073360965,21.950933846,1424.000000000,-0.969562887,1.000000000,Moog Actual Tilt [deg],0.091990006,68.200000000,67.200000000,68.230715634,68.322705640,1436.938737688,1771.961700608,244.386555322,59.910190129,True,free_filled_mask+manual_radius_scale,1434.694495714,1287.180256920,244.386555322,5.551114708,True,completed_disk_centroid_from_arc
2026-06-08T12:20:24,MeinelRoof_20260605_10_53_57.h5,/Volumes/LaCie/Data/2026_06_05/MeinelRoof_20260605_10_53_57.h5,p0,Aquistion_0,calibration_acqui_down_0p5,0.000000000,-0.500000000,1.381818182,1.000000000,-0.024736454,0.524736454,0.500000000,-0.024736454,0.024736454,21.800000000,22.300000000,21.073360965,21.598097419,1424.000000000,-0.557600895,0.500000000,Moog Actual Tilt [deg],0.032864441,68.200000000,67.700000000,68.230715634,68.263580074,1436.938737688,1771.961700608,244.386555322,59.910190129,True,free_filled_mask+manual_radius_scale,1434.561988212,1493.161253177,244.386555322,6.684557977,True,completed_disk_centroid_from_arc
2026-06-08T12:20:24,MeinelRoof_20260605_10_53_57.h5,/Volumes/LaCie/Data/2026_06_05/MeinelRoof_20260605_10_53_57.h5,p0,Aquistion_0,calibration_acqui_up_0p5,0.000000000,0.500000000,1.381818182,1.000000000,0.533859746,-1.033859746,-0.500000000,0.533859746,0.533859746,21.800000000,21.300000000,21.073360965,20.039501220,1424.000000000,0.971427617,-0.500000000,Moog Actual Tilt [deg],0.062432129,68.200000000,68.700000000,68.230715634,68.293147762,1436.938737688,1771.961700608,244.386555322,59.910190129,True,free_filled_mask+manual_radius_scale,1453.488766263,2257.675508983,244.386555322,4.932466600,True,completed_disk_centroid_from_arc
2026-06-08T12:20:25,MeinelRoof_20260605_10_53_57.h5,/Volumes/LaCie/Data/2026_06_05/MeinelRoof_20260605_10_53_57.h5,p0,Aquistion_0,calibration_acqui_up_1,0.000000000,1.000000000,1.381818182,1.000000000,0.591693564,-1.591693564,-1.000000000,0.591693564,0.591693564,21.800000000,20.800000000,21.073360965,19.481667401,1424.000000000,1.470155534,-1.000000000,Moog Actual Tilt [deg],0.121538030,68.200000000,69.200000000,68.230715634,68.352253663,1436.938737688,1771.961700608,244.386555322,59.910190129,True,free_filled_mask+manual_radius_scale,1446.700270242,2507.039467658,244.386555322,4.043249115,True,completed_disk_centroid_from_arc
2026-06-08T12:20:25,MeinelRoof_20260605_10_53_57.h5,/Volumes/LaCie/Data/2026_06_05/MeinelRoof_20260605_10_53_57.h5,p0,Aquistion_0,calibration_acqui_up_1p5,0.000000000,1.500000000,1.381818182,1.000000000,0.776612471,-2.176612471,-1.400000000,0.776612471,0.776612471,21.800000000,20.400000000,21.073360965,18.896748495,1424.000000000,1.996008128,-1.400000000,Moog Actual Tilt [deg],0.180604343,68.200000000,69.600000000,68.230715634,68.411319976,1436.938737688,1771.961700608,244.386555322,59.910190129,True,free_filled_mask+manual_radius_scale,1443.083239319,2769.965764547,244.386555322,5.676704373,True,completed_disk_centroid_from_arc
2026-06-08T12:20:26,MeinelRoof_20260605_10_59_28.h5,/Volumes/LaCie/Data/2026_06_05/MeinelRoof_20260605_10_59_28.h5,p0,Aquistion_0,calibration_acqui_down_1p5,0.000000000,-1.500000000,1.381818182,1.000000000,-0.089157206,1.589157206,1.500000000,-0.089157206,0.089157206,20.600000000,22.100000000,19.968322053,21.557479259,1424.000000000,-1.767357538,1.500000000,Moog Actual Tilt [deg],0.178200332,69.400000000,67.900000000,69.311784511,69.489984843,1514.165695937,1783.946717908,244.765782237,60.012604606,True,free_filled_mask+manual_radius_scale,1486.443869286,900.267948859,244.765782237,6.366502444,True,completed_disk_centroid_from_arc
2026-06-08T12:20:27,MeinelRoof_20260605_10_59_28.h5,/Volumes/LaCie/Data/2026_06_05/MeinelRoof_20260605_10_59_28.h5,p0,Aquistion_0,calibration_acqui_down_1,0.000000000,-1.000000000,1.381818182,1.000000000,0.088906878,0.811093122,0.900000000,0.088906878,0.088906878,20.600000000,21.500000000,19.968322053,20.779415175,1424.000000000,-0.931021089,0.900000000,Moog Actual Tilt [deg],0.119927967,69.400000000,68.500000000,69.311784511,69.431712479,1514.165695937,1783.946717908,244.765782237,60.012604606,True,free_filled_mask+manual_radius_scale,1460.994426130,1318.436173231,244.765782237,5.762931433,True,completed_disk_centroid_from_arc
2026-06-08T12:20:27,MeinelRoof_20260605_10_59_28.h5,/Volumes/LaCie/Data/2026_06_05/MeinelRoof_20260605_10_59_28.h5,p0,Aquistion_0,calibration_acqui_down_0p5,0.000000000,-0.500000000,1.381818182,1.000000000,0.061923967,0.538076033,0.600000000,0.061923967,0.061923967,20.600000000,21.200000000,19.968322053,20.506398086,1424.000000000,-0.599685036,0.600000000,Moog Actual Tilt [deg],0.061609003,69.400000000,68.800000000,69.311784511,69.373393514,1514.165695937,1783.946717908,244.765782237,60.012604606,True,free_filled_mask+manual_radius_scale,1475.609575448,1484.104200098,244.765782237,6.748490014,True,completed_disk_centroid_from_arc
2026-06-08T12:20:28,MeinelRoof_20260605_10_59_28.h5,/Volumes/LaCie/Data/2026_06_05/MeinelRoof_20260605_10_59_28.h5,p0,Aquistion_0,calibration_acqui_up_0p5,0.000000000,0.500000000,1.381818182,1.000000000,0.237114529,-0.637114529,-0.400000000,0.237114529,0.237114529,20.600000000,20.200000000,19.968322053,19.331207524,1424.000000000,0.546340245,-0.400000000,Moog Actual Tilt [deg],0.090774284,69.400000000,69.800000000,69.311784511,69.402558795,1514.165695937,1783.946717908,244.765782237,60.012604606,True,free_filled_mask+manual_radius_scale,1475.551075793,2057.116840492,244.765782237,7.087878508,True,completed_disk_centroid_from_arc
2026-06-08T12:20:28,MeinelRoof_20260605_10_59_28.h5,/Volumes/LaCie/Data/2026_06_05/MeinelRoof_20260605_10_59_28.h5,p0,Aquistion_0,calibration_acqui_up_1,0.000000000,1.000000000,1.381818182,1.000000000,0.657994246,-1.557994246,-0.900000000,0.657994246,0.657994246,20.600000000,19.700000000,19.968322053,18.410327807,1424.000000000,1.408924245,-0.900000000,Moog Actual Tilt [deg],0.149070001,69.400000000,70.300000000,69.311784511,69.460854512,1514.165695937,1783.946717908,244.765782237,60.012604606,True,free_filled_mask+manual_radius_scale,1475.287134860,2488.408840545,244.765782237,3.887312968,True,completed_disk_centroid_from_arc
2026-06-08T12:20:29,MeinelRoof_20260605_10_59_28.h5,/Volumes/LaCie/Data/2026_06_05/MeinelRoof_20260605_10_59_28.h5,p0,Aquistion_0,calibration_acqui_up_1p5,0.000000000,1.500000000,1.381818182,1.000000000,0.702723985,-2.102723985,-1.400000000,0.702723985,0.702723985,20.600000000,19.200000000,19.968322053,17.865598067,1424.000000000,1.895405078,-1.400000000,Moog Actual Tilt [deg],0.207318907,69.400000000,70.800000000,69.311784511,69.519103419,1514.165695937,1783.946717908,244.765782237,60.012604606,True,free_filled_mask+manual_radius_scale,1482.869141184,2731.649256896,244.765782237,5.842299638,True,completed_disk_centroid_from_arc
2026-06-08T12:20:30,MeinelRoof_20260605_11_06_48.h5,/Volumes/LaCie/Data/2026_06_05/MeinelRoof_20260605_11_06_48.h5,p0,Aquistion_0,calibration_acqui_down_1p5,0.000000000,-1.500000000,1.381818182,1.000000000,-0.521784376,2.021784376,1.500000000,-0.521784376,0.521784376,19.300000000,20.800000000,18.121727053,20.143511430,1424.000000000,-2.164451480,1.500000000,Moog Actual Tilt [deg],0.142667104,70.700000000,69.200000000,70.724379145,70.867046248,1493.040660824,2000.946900915,244.983396209,60.051548063,True,free_filled_mask+manual_radius_scale,1482.160841268,918.721160922,244.983396209,6.291375903,True,completed_disk_centroid_from_arc
2026-06-08T12:20:30,MeinelRoof_20260605_11_06_48.h5,/Volumes/LaCie/Data/2026_06_05/MeinelRoof_20260605_11_06_48.h5,p0,Aquistion_0,calibration_acqui_down_1,0.000000000,-1.000000000,1.381818182,1.000000000,-0.557423109,1.457423109,0.900000000,-0.557423109,0.557423109,19.300000000,20.200000000,18.121727053,19.579150162,1424.000000000,-1.543066775,0.900000000,Moog Actual Tilt [deg],0.085643667,70.700000000,69.800000000,70.724379145,70.810022811,1493.040660824,2000.946900915,244.983396209,60.051548063,True,free_filled_mask+manual_radius_scale,1457.147533254,1229.413513291,244.983396209,5.405132286,True,completed_disk_centroid_from_arc
2026-06-08T12:20:31,MeinelRoof_20260605_11_06_48.h5,/Volumes/LaCie/Data/2026_06_05/MeinelRoof_20260605_11_06_48.h5,p0,Aquistion_0,calibration_acqui_down_0p5,0.000000000,-0.500000000,1.381818182,1.000000000,-0.388516713,0.888516713,0.500000000,-0.388516713,0.388516713,19.300000000,19.800000000,18.121727053,19.010243766,1424.000000000,-0.917078980,0.500000000,Moog Actual Tilt [deg],0.028562268,70.700000000,70.200000000,70.724379145,70.752941412,1493.040660824,2000.946900915,244.983396209,60.051548063,True,free_filled_mask+manual_radius_scale,1464.019319094,1542.407410684,244.983396209,7.009350174,True,completed_disk_centroid_from_arc
2026-06-08T12:20:31,MeinelRoof_20260605_11_06_48.h5,/Volumes/LaCie/Data/2026_06_05/MeinelRoof_20260605_11_06_48.h5,p0,Aquistion_0,calibration_acqui_up_0p5,0.000000000,0.500000000,1.381818182,1.000000000,0.085313383,-0.485313383,-0.400000000,0.085313383,0.085313383,19.300000000,18.900000000,18.121727053,17.636413671,1424.000000000,0.428203204,-0.400000000,Moog Actual Tilt [deg],0.057110179,70.700000000,71.100000000,70.724379145,70.781489323,1493.040660824,2000.946900915,244.983396209,60.051548063,True,free_filled_mask+manual_radius_scale,1452.387639086,2215.048502862,244.983396209,5.523423800,True,completed_disk_centroid_from_arc
2026-06-08T12:20:32,MeinelRoof_20260605_11_06_48.h5,/Volumes/LaCie/Data/2026_06_05/MeinelRoof_20260605_11_06_48.h5,p0,Aquistion_0,calibration_acqui_up_1,0.000000000,1.000000000,1.381818182,1.000000000,0.128049579,-1.128049579,-1.000000000,0.128049579,0.128049579,19.300000000,18.300000000,18.121727053,16.993677474,1424.000000000,1.013886915,-1.000000000,Moog Actual Tilt [deg],0.114162664,70.700000000,71.700000000,70.724379145,70.838541809,1493.040660824,2000.946900915,244.983396209,60.051548063,True,free_filled_mask+manual_radius_scale,1468.760074929,2507.890358604,244.983396209,3.892929998,True,completed_disk_centroid_from_arc
2026-06-08T12:20:33,MeinelRoof_20260605_11_06_48.h5,/Volumes/LaCie/Data/2026_06_05/MeinelRoof_20260605_11_06_48.h5,p0,Aquistion_0,calibration_acqui_up_1p5,0.000000000,1.500000000,1.381818182,1.000000000,0.108154643,-1.708154643,-1.600000000,0.108154643,0.108154643,19.300000000,17.700000000,18.121727053,16.413572410,1424.000000000,1.536997726,-1.600000000,Moog Actual Tilt [deg],0.171156917,70.700000000,72.300000000,70.724379145,70.895536062,1493.040660824,2000.946900915,244.983396209,60.051548063,True,free_filled_mask+manual_radius_scale,1480.658814123,2769.445763914,244.983396209,5.659475613,True,completed_disk_centroid_from_arc
2026-06-08T12:20:33,MeinelRoof_20260605_11_10_54.h5,/Volumes/LaCie/Data/2026_06_05/MeinelRoof_20260605_11_10_54.h5,p0,Aquistion_0,calibration_acqui_down_1p5,0.000000000,-1.500000000,1.381818182,1.000000000,-0.216136796,1.716136796,1.500000000,-0.216136796,0.216136796,18.400000000,19.900000000,17.637462737,19.353599533,1424.000000000,-1.859815157,1.500000000,Moog Actual Tilt [deg],0.143678361,71.600000000,70.100000000,71.499704611,71.643382972,1487.665963951,1855.416325853,245.561010316,60.199693818,True,free_filled_mask+manual_radius_scale,1506.491208014,925.508747475,245.561010316,6.178671053,True,completed_disk_centroid_from_arc
2026-06-08T12:20:34,MeinelRoof_20260605_11_10_54.h5,/Volumes/LaCie/Data/2026_06_05/MeinelRoof_20260605_11_10_54.h5,p0,Aquistion_0,calibration_acqui_down_1,0.000000000,-1.000000000,1.381818182,1.000000000,0.095685411,0.804314589,0.900000000,0.095685411,0.095685411,18.400000000,19.300000000,17.637462737,18.441777325,1424.000000000,-0.891822170,0.900000000,Moog Actual Tilt [deg],0.087507581,71.600000000,70.700000000,71.499704611,71.587212192,1487.665963951,1855.416325853,245.561010316,60.199693818,True,free_filled_mask+manual_radius_scale,1467.733207947,1409.505241062,245.561010316,6.449220734,True,completed_disk_centroid_from_arc
2026-06-08T12:20:34,MeinelRoof_20260605_11_10_54.h5,/Volumes/LaCie/Data/2026_06_05/MeinelRoof_20260605_11_10_54.h5,p0,Aquistion_0,calibration_acqui_down_0p5,0.000000000,-0.500000000,1.381818182,1.000000000,0.158560882,0.641439118,0.800000000,0.158560882,0.158560882,18.400000000,19.200000000,17.637462737,18.278901854,1424.000000000,-0.672709991,0.800000000,Moog Actual Tilt [deg],0.031270874,71.600000000,70.800000000,71.499704611,71.530975485,1487.665963951,1855.416325853,245.561010316,60.199693818,True,free_filled_mask+manual_radius_scale,1475.667358396,1519.061330299,245.561010316,6.974400163,True,completed_disk_centroid_from_arc
2026-06-08T12:20:35,MeinelRoof_20260605_11_10_54.h5,/Volumes/LaCie/Data/2026_06_05/MeinelRoof_20260605_11_10_54.h5,p0,Aquistion_0,calibration_acqui_up_0p5,0.000000000,0.500000000,1.381818182,1.000000000,0.427171535,-0.827171535,-0.400000000,0.427171535,0.427171535,18.400000000,18.000000000,17.637462737,16.810291202,1424.000000000,0.767774106,-0.400000000,Moog Actual Tilt [deg],0.059397429,71.600000000,72.000000000,71.499704611,71.559102041,1487.665963951,1855.416325853,245.561010316,60.199693818,True,free_filled_mask+manual_radius_scale,1464.483935368,2239.303378766,245.561010316,5.270641654,True,completed_disk_centroid_from_arc
2026-06-08T12:20:35,MeinelRoof_20260605_11_10_54.h5,/Volumes/LaCie/Data/2026_06_05/MeinelRoof_20260605_11_10_54.h5,p0,Aquistion_0,calibration_acqui_up_1,0.000000000,1.000000000,1.381818182,1.000000000,0.482351517,-1.482351517,-1.000000000,0.482351517,0.482351517,18.400000000,17.400000000,17.637462737,16.155111220,1424.000000000,1.366750265,-1.000000000,Moog Actual Tilt [deg],0.115601251,71.600000000,72.600000000,71.499704611,71.615305862,1487.665963951,1855.416325853,245.561010316,60.199693818,True,free_filled_mask+manual_radius_scale,1467.820972981,2538.791458573,245.561010316,4.235180088,True,completed_disk_centroid_from_arc
2026-06-08T12:20:36,MeinelRoof_20260605_11_10_54.h5,/Volumes/LaCie/Data/2026_06_05/MeinelRoof_20260605_11_10_54.h5,p0,Aquistion_0,calibration_acqui_up_1p5,0.000000000,1.500000000,1.381818182,1.000000000,0.248548297,-1.648548297,-1.400000000,0.248548297,0.248548297,18.400000000,17.000000000,17.637462737,15.988914440,1424.000000000,1.473692666,-1.400000000,Moog Actual Tilt [deg],0.174855631,71.600000000,73.000000000,71.499704611,71.674560243,1487.665963951,1855.416325853,245.561010316,60.199693818,True,free_filled_mask+manual_radius_scale,1488.635199877,2592.262658634,245.561010316,5.068975603,True,completed_disk_centroid_from_arc
2026-06-08T12:20:37,MeinelRoof_20260605_11_16_18.h5,/Volumes/LaCie/Data/2026_06_05/MeinelRoof_20260605_11_16_18.h5,p0,Aquistion_0,calibration_acqui_down_0p5,0.000000000,-0.500000000,1.381818182,1.000000000,0.146442290,0.353557710,0.500000000,0.146442290,0.146442290,17.500000000,18.000000000,16.289388528,16.642946238,1424.000000000,-0.381063001,0.500000000,Moog Actual Tilt [deg],0.027505292,72.500000000,72.000000000,72.502054506,72.529559798,1496.240377797,2028.278482951,245.438513759,60.162806146,True,free_filled_mask+manual_radius_scale,1492.740383819,1837.746982358,245.438513759,7.694145623,True,completed_disk_centroid_from_arc
2026-06-08T12:20:37,MeinelRoof_20260605_11_16_18.h5,/Volumes/LaCie/Data/2026_06_05/MeinelRoof_20260605_11_16_18.h5,p0,Aquistion_0,calibration_acqui_down_0p5,0.000000000,-0.500000000,1.381818182,1.000000000,0.146442290,0.353557710,0.500000000,0.146442290,0.146442290,17.500000000,18.000000000,16.289388528,16.642946238,1424.000000000,-0.381063001,0.500000000,Moog Actual Tilt [deg],0.027505292,72.500000000,72.000000000,72.502054506,72.529559798,1496.240377797,2028.278482951,245.438513759,60.162806146,True,free_filled_mask+manual_radius_scale,1492.740383819,1837.746982358,245.438513759,7.694145623,True,completed_disk_centroid_from_arc
2026-06-08T12:20:38,MeinelRoof_20260605_11_16_18.h5,/Volumes/LaCie/Data/2026_06_05/MeinelRoof_20260605_11_16_18.h5,p0,Aquistion_0,calibration_acqui_up_0p5,0.000000000,0.500000000,1.381818182,1.000000000,-0.028526990,-0.471473010,-0.500000000,-0.028526990,0.028526990,17.500000000,17.000000000,16.289388528,15.817915518,1424.000000000,0.416481818,-0.500000000,Moog Actual Tilt [deg],0.054991192,72.500000000,73.000000000,72.502054506,72.557045698,1496.240377797,2028.278482951,245.438513759,60.162806146,True,free_filled_mask+manual_radius_scale,1483.759194763,2236.519391841,245.438513759,5.204723102,True,completed_disk_centroid_from_arc
2026-06-08T12:20:38,MeinelRoof_20260605_11_17_28.h5,/Volumes/LaCie/Data/2026_06_05/MeinelRoof_20260605_11_17_28.h5,p0,Aquistion_0,calibration_acqui_down_0p5,0.000000000,-0.500000000,1.381818182,1.000000000,-0.214029339,0.614029339,0.400000000,-0.214029339,0.214029339,17.200000000,17.600000000,16.020840833,16.634870172,1424.000000000,-0.641381297,0.400000000,Moog Actual Tilt [deg],0.027351958,72.800000000,72.400000000,72.715468619,72.742820576,1627.766101276,2055.845274037,244.345038835,59.888951182,True,free_filled_mask+manual_radius_scale,1625.393433927,1735.154625706,244.345038835,7.539807749,True,completed_disk_centroid_from_arc
2026-06-08T12:20:39,MeinelRoof_20260605_11_17_28.h5,/Volumes/LaCie/Data/2026_06_05/MeinelRoof_20260605_11_17_28.h5,p0,Aquistion_0,calibration_acqui_down_0p5,0.000000000,-0.500000000,1.381818182,1.000000000,-0.214029339,0.614029339,0.400000000,-0.214029339,0.214029339,17.200000000,17.600000000,16.020840833,16.634870172,1424.000000000,-0.641381297,0.400000000,Moog Actual Tilt [deg],0.027351958,72.800000000,72.400000000,72.715468619,72.742820576,1627.766101276,2055.845274037,244.345038835,59.888951182,True,free_filled_mask+manual_radius_scale,1625.393433927,1735.154625706,244.345038835,7.539807749,True,completed_disk_centroid_from_arc
2026-06-08T12:20:39,MeinelRoof_20260605_11_19_38.h5,/Volumes/LaCie/Data/2026_06_05/MeinelRoof_20260605_11_19_38.h5,p0,Aquistion_0,calibration_acqui_down_1p5,0.000000000,-1.500000000,1.381818182,1.000000000,0.109641276,1.490358724,1.600000000,0.109641276,0.109641276,16.900000000,18.500000000,16.092194919,17.582553643,1424.000000000,-1.625397806,1.600000000,Moog Actual Tilt [deg],0.135039082,73.100000000,71.500000000,73.108556633,73.243595715,1438.662516091,1823.624223822,245.222028449,60.113670167,True,free_filled_mask+manual_radius_scale,1454.429117385,1010.925320718,245.222028449,5.954226962,True,completed_disk_centroid_from_arc
2026-06-08T12:20:40,MeinelRoof_20260605_11_19_38.h5,/Volumes/LaCie/Data/2026_06_05/MeinelRoof_20260605_11_19_38.h5,p0,Aquistion_0,calibration_acqui_down_1,0.000000000,-1.000000000,1.381818182,1.000000000,0.122162667,0.677837333,0.800000000,0.122162667,0.122162667,16.900000000,17.700000000,16.092194919,16.770032253,1424.000000000,-0.758926170,0.800000000,Moog Actual Tilt [deg],0.081088837,73.100000000,72.300000000,73.108556633,73.189645470,1438.662516091,1823.624223822,245.222028449,60.113670167,True,free_filled_mask+manual_radius_scale,1431.241760957,1444.161138747,245.222028449,6.657116848,True,completed_disk_centroid_from_arc
2026-06-08T12:20:41,MeinelRoof_20260605_11_19_38.h5,/Volumes/LaCie/Data/2026_06_05/MeinelRoof_20260605_11_19_38.h5,p0,Aquistion_0,calibration_acqui_down_0p5,0.000000000,-0.500000000,1.381818182,1.000000000,0.143924649,0.356075351,0.500000000,0.143924649,0.143924649,16.900000000,17.400000000,16.092194919,16.448270270,1424.000000000,-0.383126616,0.500000000,Moog Actual Tilt [deg],0.027051265,73.100000000,72.600000000,73.108556633,73.135607898,1438.662516091,1823.624223822,245.222028449,60.113670167,True,free_filled_mask+manual_radius_scale,1437.533112186,1632.060915791,245.222028449,6.795083939,True,completed_disk_centroid_from_arc
2026-06-08T12:20:41,MeinelRoof_20260605_11_19_38.h5,/Volumes/LaCie/Data/2026_06_05/MeinelRoof_20260605_11_19_38.h5,p0,Aquistion_0,calibration_acqui_up_0p5,0.000000000,0.500000000,1.381818182,1.000000000,0.513573053,-0.913573053,-0.400000000,0.513573053,0.513573053,16.900000000,16.500000000,16.092194919,15.178621866,1424.000000000,0.859492140,-0.400000000,Moog Actual Tilt [deg],0.054080913,73.100000000,73.500000000,73.108556633,73.162637546,1438.662516091,1823.624223822,245.222028449,60.113670167,True,free_filled_mask+manual_radius_scale,1442.926490242,2253.370293817,245.222028449,5.157864243,True,completed_disk_centroid_from_arc
2026-06-08T12:20:42,MeinelRoof_20260605_11_19_38.h5,/Volumes/LaCie/Data/2026_06_05/MeinelRoof_20260605_11_19_38.h5,p0,Aquistion_0,calibration_acqui_up_1,0.000000000,1.000000000,1.381818182,1.000000000,0.453040427,-1.453040427,-1.000000000,0.453040427,0.453040427,16.900000000,15.900000000,16.092194919,14.639154492,1424.000000000,1.344965498,-1.000000000,Moog Actual Tilt [deg],0.108074929,73.100000000,74.100000000,73.108556633,73.216631562,1438.662516091,1823.624223822,245.222028449,60.113670167,True,free_filled_mask+manual_radius_scale,1448.192394372,2496.106972686,245.222028449,3.972012779,True,completed_disk_centroid_from_arc
2026-06-08T12:20:42,MeinelRoof_20260605_11_19_38.h5,/Volumes/LaCie/Data/2026_06_05/MeinelRoof_20260605_11_19_38.h5,p0,Aquistion_0,calibration_acqui_up_1p5,0.000000000,1.500000000,1.381818182,1.000000000,0.546532912,-2.046532912,-1.500000000,0.546532912,0.546532912,16.900000000,15.400000000,16.092194919,14.045662007,1424.000000000,1.884551725,-1.500000000,Moog Actual Tilt [deg],0.161981187,73.100000000,74.600000000,73.108556633,73.270537820,1438.662516091,1823.624223822,245.222028449,60.113670167,True,free_filled_mask+manual_radius_scale,1440.787226961,2765.900086235,245.222028449,5.836145085,True,completed_disk_centroid_from_arc
2026-06-08T12:20:43,MeinelRoof_20260605_11_23_19.h5,/Volumes/LaCie/Data/2026_06_05/MeinelRoof_20260605_11_23_19.h5,p0,Aquistion_0,calibration_acqui_down_1,0.000000000,-1.000000000,1.381818182,1.000000000,-0.085854181,0.885854181,0.800000000,-0.085854181,0.085854181,16.300000000,17.100000000,15.613377349,16.499231531,1424.000000000,-0.968181621,0.800000000,Moog Actual Tilt [deg],0.082327439,73.700000000,72.900000000,73.766324168,73.848651607,1435.557736698,1734.149241341,246.006568822,60.309066140,True,free_filled_mask+manual_radius_scale,1468.895745520,1250.058431026,246.006568822,5.876865284,True,completed_disk_centroid_from_arc
2026-06-08T12:20:44,MeinelRoof_20260605_11_23_19.h5,/Volumes/LaCie/Data/2026_06_05/MeinelRoof_20260605_11_23_19.h5,p0,Aquistion_0,calibration_acqui_down_1,0.000000000,-1.000000000,1.381818182,1.000000000,-0.085854181,0.885854181,0.800000000,-0.085854181,0.085854181,16.300000000,17.100000000,15.613377349,16.499231531,1424.000000000,-0.968181621,0.800000000,Moog Actual Tilt [deg],0.082327439,73.700000000,72.900000000,73.766324168,73.848651607,1435.557736698,1734.149241341,246.006568822,60.309066140,True,free_filled_mask+manual_radius_scale,1468.895745520,1250.058431026,246.006568822,5.876865284,True,completed_disk_centroid_from_arc
2026-06-08T12:20:44,MeinelRoof_20260605_11_23_19.h5,/Volumes/LaCie/Data/2026_06_05/MeinelRoof_20260605_11_23_19.h5,p0,Aquistion_0,calibration_acqui_down_0p5,0.000000000,-0.500000000,1.381818182,1.000000000,-0.031365962,0.331365962,0.300000000,-0.031365962,0.031365962,16.300000000,16.600000000,15.613377349,15.944743312,1424.000000000,-0.360795808,0.300000000,Moog Actual Tilt [deg],0.029429846,73.700000000,73.400000000,73.766324168,73.795754013,1435.557736698,1734.149241341,246.006568822,60.309066140,True,free_filled_mask+manual_radius_scale,1451.581632725,1553.751337275,246.006568822,7.502421623,True,completed_disk_centroid_from_arc
2026-06-08T12:20:45,MeinelRoof_20260605_11_23_19.h5,/Volumes/LaCie/Data/2026_06_05/MeinelRoof_20260605_11_23_19.h5,p0,Aquistion_0,calibration_acqui_up_0p5,0.000000000,0.500000000,1.381818182,1.000000000,0.386325860,-0.986325860,-0.600000000,0.386325860,0.386325860,16.300000000,15.700000000,15.613377349,14.627051490,1424.000000000,0.930434939,-0.600000000,Moog Actual Tilt [deg],0.055890921,73.700000000,74.300000000,73.766324168,73.822215088,1435.557736698,1734.149241341,246.006568822,60.309066140,True,free_filled_mask+manual_radius_scale,1475.345815561,2199.366710861,246.006568822,6.035625062,True,completed_disk_centroid_from_arc
2026-06-08T12:20:45,MeinelRoof_20260605_11_25_18.h5,/Volumes/LaCie/Data/2026_06_05/MeinelRoof_20260605_11_25_18.h5,p0,Aquistion_0,calibration_acqui_down_1p5,0.000000000,-1.500000000,1.381818182,1.000000000,-0.066481350,1.366481350,1.300000000,-0.066481350,0.066481350,15.900000000,17.200000000,15.148693530,16.515174880,1424.000000000,-1.496995187,1.300000000,Moog Actual Tilt [deg],0.130513837,74.100000000,72.800000000,74.114546496,74.245060333,1490.378195937,1792.379987285,246.476248458,60.429083527,True,free_filled_mask+manual_radius_scale,1462.059943678,1043.882393809,246.476248458,5.760367583,True,completed_disk_centroid_from_arc
2026-06-08T12:20:46,MeinelRoof_20260605_11_25_18.h5,/Volumes/LaCie/Data/2026_06_05/MeinelRoof_20260605_11_25_18.h5,p0,Aquistion_0,calibration_acqui_down_1,0.000000000,-1.000000000,1.381818182,1.000000000,-0.024324440,0.924324440,0.900000000,-0.024324440,0.024324440,15.900000000,16.800000000,15.148693530,16.073017970,1424.000000000,-1.002711691,0.900000000,Moog Actual Tilt [deg],0.078387251,74.100000000,73.200000000,74.114546496,74.192933747,1490.378195937,1792.379987285,246.476248458,60.429083527,True,free_filled_mask+manual_radius_scale,1453.839383657,1291.024141649,246.476248458,5.978446521,True,completed_disk_centroid_from_arc
2026-06-08T12:20:46,MeinelRoof_20260605_11_25_18.h5,/Volumes/LaCie/Data/2026_06_05/MeinelRoof_20260605_11_25_18.h5,p0,Aquistion_0,calibration_acqui_down_0p5,0.000000000,-0.500000000,1.381818182,1.000000000,-0.009935679,0.509935679,0.500000000,-0.009935679,0.009935679,15.900000000,16.400000000,15.148693530,15.658629208,1424.000000000,-0.536090902,0.500000000,Moog Actual Tilt [deg],0.026155223,74.100000000,73.600000000,74.114546496,74.140701719,1490.378195937,1792.379987285,246.476248458,60.429083527,True,free_filled_mask+manual_radius_scale,1477.938456509,1524.334536258,246.476248458,7.252605879,True,completed_disk_centroid_from_arc
2026-06-08T12:20:47,MeinelRoof_20260605_11_25_18.h5,/Volumes/LaCie/Data/2026_06_05/MeinelRoof_20260605_11_25_18.h5,p0,Aquistion_0,calibration_acqui_up_0p5,0.000000000,0.500000000,1.381818182,1.000000000,0.440279364,-0.840279364,-0.400000000,0.440279364,0.440279364,15.900000000,15.500000000,15.148693530,14.308414166,1424.000000000,0.787995013,-0.400000000,Moog Actual Tilt [deg],0.052284351,74.100000000,74.500000000,74.114546496,74.166830847,1490.378195937,1792.379987285,246.476248458,60.429083527,True,free_filled_mask+manual_radius_scale,1449.973800490,2186.377493749,246.476248458,6.061424116,True,completed_disk_centroid_from_arc
2026-06-08T12:20:48,MeinelRoof_20260605_11_25_18.h5,/Volumes/LaCie/Data/2026_06_05/MeinelRoof_20260605_11_25_18.h5,p0,Aquistion_0,calibration_acqui_up_1,0.000000000,1.000000000,1.381818182,1.000000000,0.293072163,-1.293072163,-1.000000000,0.293072163,0.293072163,15.900000000,14.900000000,15.148693530,13.855621367,1424.000000000,1.188608372,-1.000000000,Moog Actual Tilt [deg],0.104463791,74.100000000,75.100000000,74.114546496,74.219010286,1490.378195937,1792.379987285,246.476248458,60.429083527,True,free_filled_mask+manual_radius_scale,1463.109123026,2386.684173499,246.476248458,3.947278275,True,completed_disk_centroid_from_arc
2026-06-08T12:20:48,MeinelRoof_20260605_11_25_18.h5,/Volumes/LaCie/Data/2026_06_05/MeinelRoof_20260605_11_25_18.h5,p0,Aquistion_0,calibration_acqui_up_1p5,0.000000000,1.500000000,1.381818182,1.000000000,0.085862492,-1.585862492,-1.500000000,0.085862492,0.085862492,15.900000000,14.400000000,15.148693530,13.562831038,1424.000000000,1.426435394,-1.500000000,Moog Actual Tilt [deg],0.159427097,74.100000000,75.600000000,74.114546496,74.273973593,1490.378195937,1792.379987285,246.476248458,60.429083527,True,free_filled_mask+manual_radius_scale,1449.668863827,2505.597684480,246.476248458,4.222754573,True,completed_disk_centroid_from_arc
2026-06-08T12:20:49,MeinelRoof_20260605_11_28_34.h5,/Volumes/LaCie/Data/2026_06_05/MeinelRoof_20260605_11_28_34.h5,p0,Aquistion_0,calibration_acqui_down_1p5,0.000000000,-1.500000000,1.381818182,1.000000000,0.036426945,1.463573055,1.500000000,0.036426945,0.036426945,15.300000000,16.800000000,14.761178836,16.224751892,1424.000000000,-1.593884662,1.500000000,Moog Actual Tilt [deg],0.130311606,74.700000000,73.200000000,74.678043161,74.808354767,1462.227604183,1704.389001298,245.289569051,60.139891606,True,free_filled_mask+manual_radius_scale,1542.551545413,907.446670545,245.289569051,6.167711305,True,completed_disk_centroid_from_arc
2026-06-08T12:20:49,MeinelRoof_20260605_11_28_34.h5,/Volumes/LaCie/Data/2026_06_05/MeinelRoof_20260605_11_28_34.h5,p0,Aquistion_0,calibration_acqui_down_1,0.000000000,-1.000000000,1.381818182,1.000000000,0.111277859,0.988722141,1.100000000,0.111277859,0.111277859,15.300000000,16.400000000,14.761178836,15.749900977,1424.000000000,-1.068133712,1.100000000,Moog Actual Tilt [deg],0.079411571,74.700000000,73.600000000,74.678043161,74.757454732,1462.227604183,1704.389001298,245.289569051,60.139891606,True,free_filled_mask+manual_radius_scale,1482.388670549,1170.322145427,245.289569051,5.472481156,True,completed_disk_centroid_from_arc
2026-06-08T12:20:50,MeinelRoof_20260605_11_28_34.h5,/Volumes/LaCie/Data/2026_06_05/MeinelRoof_20260605_11_28_34.h5,p0,Aquistion_0,calibration_acqui_down_0p5,0.000000000,-0.500000000,1.381818182,1.000000000,0.005955073,0.494044927,0.500000000,0.005955073,0.005955073,15.300000000,15.800000000,14.761178836,15.255223763,1424.000000000,-0.522438647,0.500000000,Moog Actual Tilt [deg],0.028393719,74.700000000,74.200000000,74.678043161,74.706436881,1462.227604183,1704.389001298,245.289569051,60.139891606,True,free_filled_mask+manual_radius_scale,1454.900741171,1443.169677997,245.289569051,6.638116795,True,completed_disk_centroid_from_arc
2026-06-08T12:20:51,MeinelRoof_20260605_11_28_34.h5,/Volumes/LaCie/Data/2026_06_05/MeinelRoof_20260605_11_28_34.h5,p0,Aquistion_0,calibration_acqui_up_0p5,0.000000000,0.500000000,1.381818182,1.000000000,0.488390770,-0.988390770,-0.500000000,0.488390770,0.488390770,15.300000000,14.800000000,14.761178836,13.772788066,1424.000000000,0.934473473,-0.500000000,Moog Actual Tilt [deg],0.053917297,74.700000000,75.200000000,74.678043161,74.731960459,1462.227604183,1704.389001298,245.289569051,60.139891606,True,free_filled_mask+manual_radius_scale,1496.156496516,2171.625737585,245.289569051,6.145386496,True,completed_disk_centroid_from_arc
2026-06-08T12:20:51,MeinelRoof_20260605_11_28_34.h5,/Volumes/LaCie/Data/2026_06_05/MeinelRoof_20260605_11_28_34.h5,p0,Aquistion_0,calibration_acqui_up_1,0.000000000,1.000000000,1.381818182,1.000000000,0.565779853,-1.565779853,-1.000000000,0.565779853,0.565779853,15.300000000,14.300000000,14.761178836,13.195398983,1424.000000000,1.460903462,-1.000000000,Moog Actual Tilt [deg],0.104876391,74.700000000,75.700000000,74.678043161,74.782919552,1462.227604183,1704.389001298,245.289569051,60.139891606,True,free_filled_mask+manual_radius_scale,1498.964057105,2434.840732432,245.289569051,3.753722077,True,completed_disk_centroid_from_arc
2026-06-08T12:20:52,MeinelRoof_20260605_11_28_34.h5,/Volumes/LaCie/Data/2026_06_05/MeinelRoof_20260605_11_28_34.h5,p0,Aquistion_0,calibration_acqui_up_1p5,0.000000000,1.500000000,1.381818182,1.000000000,0.721649815,-2.121649815,-1.400000000,0.721649815,0.721649815,15.300000000,13.900000000,14.761178836,12.639529021,1424.000000000,1.892707742,-1.400000000,Moog Actual Tilt [deg],0.228942073,74.700000000,76.100000000,74.678043161,74.906985234,1462.227604183,1704.389001298,245.289569051,60.139891606,True,free_filled_mask+manual_radius_scale,1510.729362810,2650.742872332,245.289569051,5.994024349,True,completed_disk_centroid_from_arc
2026-06-08T12:20:52,MeinelRoof_20260605_11_32_18.h5,/Volumes/LaCie/Data/2026_06_05/MeinelRoof_20260605_11_32_18.h5,p0,Aquistion_0,calibration_acqui_down_1p5,0.000000000,-1.500000000,1.381818182,1.000000000,-0.466443344,1.966443344,1.500000000,-0.466443344,0.466443344,14.700000000,16.200000000,13.555495341,15.521938686,1424.000000000,-2.090033689,1.500000000,Moog Actual Tilt [deg],0.123590344,75.300000000,73.800000000,75.305092397,75.428682742,1471.703225543,1993.706130657,245.833062719,60.265364222,True,free_filled_mask+manual_radius_scale,1482.638795223,948.689286163,245.833062719,6.259343519,True,completed_disk_centroid_from_arc
2026-06-08T12:20:53,MeinelRoof_20260605_11_32_18.h5,/Volumes/LaCie/Data/2026_06_05/MeinelRoof_20260605_11_32_18.h5,p0,Aquistion_0,calibration_acqui_down_1,0.000000000,-1.000000000,1.381818182,1.000000000,-0.456893101,1.556893101,1.100000000,-0.456893101,0.456893101,14.700000000,15.800000000,13.555495341,15.112388442,1424.000000000,-1.631147444,1.100000000,Moog Actual Tilt [deg],0.074254343,75.300000000,74.200000000,75.305092397,75.379346740,1471.703225543,1993.706130657,245.833062719,60.265364222,True,free_filled_mask+manual_radius_scale,1478.650249554,1178.132408670,245.833062719,5.539628891,True,completed_disk_centroid_from_arc
2026-06-08T12:20:53,MeinelRoof_20260605_11_32_18.h5,/Volumes/LaCie/Data/2026_06_05/MeinelRoof_20260605_11_32_18.h5,p0,Aquistion_0,calibration_acqui_down_0p5,0.000000000,-0.500000000,1.381818182,1.000000000,-0.436021404,0.936021404,0.500000000,-0.436021404,0.436021404,14.700000000,15.200000000,13.555495341,14.491516745,1424.000000000,-0.960806002,0.500000000,Moog Actual Tilt [deg],0.024784598,75.300000000,74.800000000,75.305092397,75.329876996,1471.703225543,1993.706130657,245.833062719,60.265364222,True,free_filled_mask+manual_radius_scale,1464.213239834,1513.303129490,245.833062719,6.813522198,True,completed_disk_centroid_from_arc
2026-06-08T12:20:54,MeinelRoof_20260605_11_32_18.h5,/Volumes/LaCie/Data/2026_06_05/MeinelRoof_20260605_11_32_18.h5,p0,Aquistion_0,calibration_acqui_up_0p5,0.000000000,0.500000000,1.381818182,1.000000000,-0.060251007,-0.439748993,-0.500000000,-0.060251007,0.060251007,14.700000000,14.200000000,13.555495341,13.115746349,1424.000000000,0.390212890,-0.500000000,Moog Actual Tilt [deg],0.049536103,75.300000000,75.800000000,75.305092397,75.354628500,1471.703225543,1993.706130657,245.833062719,60.265364222,True,free_filled_mask+manual_radius_scale,1477.888880312,2188.812575471,245.833062719,5.611600537,True,completed_disk_centroid_from_arc
2026-06-08T12:20:55,MeinelRoof_20260605_11_32_18.h5,/Volumes/LaCie/Data/2026_06_05/MeinelRoof_20260605_11_32_18.h5,p0,Aquistion_0,calibration_acqui_up_1,0.000000000,1.000000000,1.381818182,1.000000000,0.014870408,-1.114870408,-1.100000000,0.014870408,0.014870408,14.700000000,13.600000000,13.555495341,12.440624933,1424.000000000,1.015931260,-1.100000000,Moog Actual Tilt [deg],0.098939148,75.300000000,76.400000000,75.305092397,75.404031545,1471.703225543,1993.706130657,245.833062719,60.265364222,True,free_filled_mask+manual_radius_scale,1480.756168930,2501.671760828,245.833062719,4.054889381,True,completed_disk_centroid_from_arc
2026-06-08T12:20:55,MeinelRoof_20260605_11_32_18.h5,/Volumes/LaCie/Data/2026_06_05/MeinelRoof_20260605_11_32_18.h5,p0,Aquistion_0,calibration_acqui_up_1p5,0.000000000,1.500000000,1.381818182,1.000000000,-0.373711182,-1.126288818,-1.500000000,-0.373711182,0.373711182,14.700000000,13.200000000,13.555495341,12.429206524,1424.000000000,0.978081057,-1.500000000,Moog Actual Tilt [deg],0.148207760,75.300000000,76.800000000,75.305092397,75.453300158,1471.703225543,1993.706130657,245.833062719,60.265364222,True,free_filled_mask+manual_radius_scale,1472.495699362,2482.746659316,245.833062719,4.068901015,True,completed_disk_centroid_from_arc
2026-06-08T12:20:56,MeinelRoof_20260605_11_35_58.h5,/Volumes/LaCie/Data/2026_06_05/MeinelRoof_20260605_11_35_58.h5,p0,Aquistion_0,calibration_acqui_down_1p5,0.000000000,-1.500000000,1.381818182,1.000000000,-0.020789645,1.520789645,1.500000000,-0.020789645,0.020789645,14.100000000,15.600000000,13.575782599,15.096572244,1424.000000000,-1.642675560,1.500000000,Moog Actual Tilt [deg],0.121885915,75.900000000,74.400000000,75.901079326,76.022965241,1443.531265726,1685.569037782,245.561201223,60.205905750,True,free_filled_mask+manual_radius_scale,1469.450042529,864.231257719,245.561201223,6.457233589,True,completed_disk_centroid_from_arc
2026-06-08T12:20:56,MeinelRoof_20260605_11_35_58.h5,/Volumes/LaCie/Data/2026_06_05/MeinelRoof_20260605_11_35_58.h5,p0,Aquistion_0,calibration_acqui_down_1,0.000000000,-1.000000000,1.381818182,1.000000000,0.005298772,0.994701228,1.000000000,0.005298772,0.005298772,14.100000000,15.100000000,13.575782599,14.570483827,1424.000000000,-1.069010469,1.000000000,Moog Actual Tilt [deg],0.074309240,75.900000000,74.900000000,75.901079326,75.975388566,1443.531265726,1685.569037782,245.561201223,60.205905750,True,free_filled_mask+manual_radius_scale,1479.463518665,1151.063803530,245.561201223,5.729715171,True,completed_disk_centroid_from_arc
2026-06-08T12:20:57,MeinelRoof_20260605_11_35_58.h5,/Volumes/LaCie/Data/2026_06_05/MeinelRoof_20260605_11_35_58.h5,p0,Aquistion_0,calibration_acqui_down_0p5,0.000000000,-0.500000000,1.381818182,1.000000000,0.007260255,0.492739745,0.500000000,0.007260255,0.007260255,14.100000000,14.600000000,13.575782599,14.068522344,1424.000000000,-0.519320548,0.500000000,Moog Actual Tilt [deg],0.026580802,75.900000000,75.400000000,75.901079326,75.927660128,1443.531265726,1685.569037782,245.561201223,60.205905750,True,free_filled_mask+manual_radius_scale,1459.841379639,1425.908763951,245.561201223,6.857866423,True,completed_disk_centroid_from_arc
2026-06-08T12:20:57,MeinelRoof_20260605_11_35_58.h5,/Volumes/LaCie/Data/2026_06_05/MeinelRoof_20260605_11_35_58.h5,p0,Aquistion_0,calibration_acqui_up_0p5,0.000000000,0.500000000,1.381818182,1.000000000,0.631440944,-1.131440944,-0.500000000,0.631440944,0.631440944,14.100000000,13.600000000,13.575782599,12.444341654,1424.000000000,1.080977050,-0.500000000,Moog Actual Tilt [deg],0.050463894,75.900000000,76.400000000,75.901079326,75.951543220,1443.531265726,1685.569037782,245.561201223,60.205905750,True,free_filled_mask+manual_radius_scale,1470.315745832,2226.057562880,245.561201223,5.664899740,True,completed_disk_centroid_from_arc
2026-06-08T12:20:58,MeinelRoof_20260605_11_35_58.h5,/Volumes/LaCie/Data/2026_06_05/MeinelRoof_20260605_11_35_58.h5,p0,Aquistion_0,calibration_acqui_up_1,0.000000000,1.000000000,1.381818182,1.000000000,0.725462914,-1.725462914,-1.000000000,0.725462914,0.725462914,14.100000000,13.100000000,13.575782599,11.850319685,1424.000000000,1.627346268,-1.000000000,Moog Actual Tilt [deg],0.098116646,75.900000000,76.900000000,75.901079326,75.999195972,1443.531265726,1685.569037782,245.561201223,60.205905750,True,free_filled_mask+manual_radius_scale,1474.915215370,2499.242171583,245.561201223,3.988177316,True,completed_disk_centroid_from_arc
2026-06-08T12:20:59,MeinelRoof_20260605_11_35_58.h5,/Volumes/LaCie/Data/2026_06_05/MeinelRoof_20260605_11_35_58.h5,p0,Aquistion_0,calibration_acqui_up_1p5,0.000000000,1.500000000,1.381818182,1.000000000,0.677494104,-2.177494104,-1.500000000,0.677494104,0.677494104,14.100000000,12.600000000,13.575782599,11.398288494,1424.000000000,2.029242858,-1.500000000,Moog Actual Tilt [deg],0.148251246,75.900000000,77.400000000,75.901079326,76.049330572,1443.531265726,1685.569037782,245.561201223,60.205905750,True,free_filled_mask+manual_radius_scale,1460.254461952,2700.190466878,245.561201223,6.044101037,True,completed_disk_centroid_from_arc
2026-06-08T12:20:59,MeinelRoof_20260605_11_39_48.h5,/Volumes/LaCie/Data/2026_06_05/MeinelRoof_20260605_11_39_48.h5,p0,Aquistion_0,calibration_acqui_down_1p5,0.000000000,-1.500000000,1.381818182,1.000000000,-0.172945283,1.672945283,1.500000000,-0.172945283,0.172945283,13.500000000,15.000000000,12.843421465,14.516366748,1424.000000000,-1.789549421,1.500000000,Moog Actual Tilt [deg],0.116604138,76.500000000,75.000000000,76.500223368,76.616827506,1443.503133156,1752.177583481,245.906358769,60.292457330,True,free_filled_mask+manual_radius_scale,1467.894593819,857.402873053,245.906358769,6.653766457,True,completed_disk_centroid_from_arc
2026-06-08T12:21:00,MeinelRoof_20260605_11_39_48.h5,/Volumes/LaCie/Data/2026_06_05/MeinelRoof_20260605_11_39_48.h5,p0,Aquistion_0,calibration_acqui_down_1,0.000000000,-1.000000000,1.381818182,1.000000000,-0.149314401,1.149314401,1.000000000,-0.149314401,0.149314401,13.500000000,14.500000000,12.843421465,13.992735866,1424.000000000,-1.220425219,1.000000000,Moog Actual Tilt [deg],0.071110818,76.500000000,75.500000000,76.500223368,76.571334186,1443.503133156,1752.177583481,245.906358769,60.292457330,True,free_filled_mask+manual_radius_scale,1457.591646222,1141.964973939,245.906358769,5.755059805,True,completed_disk_centroid_from_arc
2026-06-08T12:21:00,MeinelRoof_20260605_11_39_48.h5,/Volumes/LaCie/Data/2026_06_05/MeinelRoof_20260605_11_39_48.h5,p0,Aquistion_0,calibration_acqui_down_0p5,0.000000000,-0.500000000,1.381818182,1.000000000,-0.164617401,0.564617401,0.400000000,-0.164617401,0.164617401,13.500000000,13.900000000,12.843421465,13.408038866,1424.000000000,-0.590061789,0.400000000,Moog Actual Tilt [deg],0.025444388,76.500000000,76.100000000,76.500223368,76.525667756,1443.503133156,1752.177583481,245.906358769,60.292457330,True,free_filled_mask+manual_radius_scale,1460.251706907,1457.146689141,245.906358769,6.496458458,True,completed_disk_centroid_from_arc
2026-06-08T12:21:01,MeinelRoof_20260605_11_39_48.h5,/Volumes/LaCie/Data/2026_06_05/MeinelRoof_20260605_11_39_48.h5,p0,Aquistion_0,calibration_acqui_up_0p5,0.000000000,0.500000000,1.381818182,1.000000000,0.480281015,-0.880281015,-0.400000000,0.480281015,0.480281015,13.500000000,13.100000000,12.843421465,11.963140451,1424.000000000,0.831981883,-0.400000000,Moog Actual Tilt [deg],0.048299131,76.500000000,76.900000000,76.500223368,76.548522499,1443.503133156,1752.177583481,245.906358769,60.292457330,True,free_filled_mask+manual_radius_scale,1461.989093052,2168.168525202,245.906358769,6.163768944,True,completed_disk_centroid_from_arc
2026-06-08T12:21:02,MeinelRoof_20260605_11_39_48.h5,/Volumes/LaCie/Data/2026_06_05/MeinelRoof_20260605_11_39_48.h5,p0,Aquistion_0,calibration_acqui_up_1,0.000000000,1.000000000,1.381818182,1.000000000,0.455384866,-1.455384866,-1.000000000,0.455384866,0.455384866,13.500000000,12.500000000,12.843421465,11.388036600,1424.000000000,1.361505637,-1.000000000,Moog Actual Tilt [deg],0.093879228,76.500000000,77.500000000,76.500223368,76.594102596,1443.503133156,1752.177583481,245.906358769,60.292457330,True,free_filled_mask+manual_radius_scale,1451.240736942,2432.930402056,245.906358769,4.071094544,True,completed_disk_centroid_from_arc
2026-06-08T12:21:02,MeinelRoof_20260605_11_39_48.h5,/Volumes/LaCie/Data/2026_06_05/MeinelRoof_20260605_11_39_48.h5,p0,Aquistion_0,calibration_acqui_up_1p5,0.000000000,1.500000000,1.381818182,1.000000000,0.573696647,-2.073696647,-1.500000000,0.573696647,0.573696647,13.500000000,12.000000000,12.843421465,10.769724818,1424.000000000,1.934411324,-1.500000000,Moog Actual Tilt [deg],0.139285322,76.500000000,78.000000000,76.500223368,76.639508690,1443.503133156,1752.177583481,245.906358769,60.292457330,True,free_filled_mask+manual_radius_scale,1477.610417514,2719.383245695,245.906358769,6.256903413,True,completed_disk_centroid_from_arc
2026-06-08T12:21:03,MeinelRoof_20260605_11_42_39.h5,/Volumes/LaCie/Data/2026_06_05/MeinelRoof_20260605_11_42_39.h5,p0,Aquistion_0,calibration_acqui_down_1p5,0.000000000,-1.500000000,1.381818182,1.000000000,-0.035591156,1.635591156,1.600000000,-0.035591156,0.035591156,13.000000000,14.600000000,12.508046833,14.143637988,1424.000000000,-1.747793420,1.600000000,Moog Actual Tilt [deg],0.112202264,77.000000000,75.400000000,76.927828887,77.040031151,1444.547805193,1706.062140355,245.694747413,60.240137182,True,free_filled_mask+manual_radius_scale,1460.869153873,832.165430298,245.694747413,6.671570140,True,completed_disk_centroid_from_arc
2026-06-08T12:21:03,MeinelRoof_20260605_11_42_39.h5,/Volumes/LaCie/Data/2026_06_05/MeinelRoof_20260605_11_42_39.h5,p0,Aquistion_0,calibration_acqui_down_1,0.000000000,-1.000000000,1.381818182,1.000000000,-0.037663610,1.137663610,1.100000000,-0.037663610,0.037663610,13.000000000,14.100000000,12.508046833,13.645710443,1424.000000000,-1.206108766,1.100000000,Moog Actual Tilt [deg],0.068445155,77.000000000,75.900000000,76.927828887,76.996274042,1444.547805193,1706.062140355,245.694747413,60.240137182,True,free_filled_mask+manual_radius_scale,1447.897392404,1103.007757490,245.694747413,5.835136873,True,completed_disk_centroid_from_arc
2026-06-08T12:21:04,MeinelRoof_20260605_11_42_39.h5,/Volumes/LaCie/Data/2026_06_05/MeinelRoof_20260605_11_42_39.h5,p0,Aquistion_0,calibration_acqui_down_0p5,0.000000000,-0.500000000,1.381818182,1.000000000,0.087951578,0.512048422,0.600000000,0.087951578,0.087951578,13.000000000,13.600000000,12.508046833,13.020095255,1424.000000000,-0.536545663,0.600000000,Moog Actual Tilt [deg],0.024497241,77.000000000,76.400000000,76.927828887,76.952326128,1444.547805193,1706.062140355,245.694747413,60.240137182,True,free_filled_mask+manual_radius_scale,1441.926522373,1437.789308903,245.694747413,6.840543557,True,completed_disk_centroid_from_arc
2026-06-08T12:21:05,MeinelRoof_20260605_11_42_39.h5,/Volumes/LaCie/Data/2026_06_05/MeinelRoof_20260605_11_42_39.h5,p0,Aquistion_0,calibration_acqui_up_0p5,0.000000000,0.500000000,1.381818182,1.000000000,0.542375750,-0.942375750,-0.400000000,0.542375750,0.542375750,13.000000000,12.600000000,12.508046833,11.565671082,1424.000000000,0.895880823,-0.400000000,Moog Actual Tilt [deg],0.046494927,77.000000000,77.400000000,76.927828887,76.974323814,1444.547805193,1706.062140355,245.694747413,60.240137182,True,free_filled_mask+manual_radius_scale,1462.133396712,2154.002551885,245.694747413,6.756575092,True,completed_disk_centroid_from_arc
2026-06-08T12:21:05,MeinelRoof_20260605_11_42_39.h5,/Volumes/LaCie/Data/2026_06_05/MeinelRoof_20260605_11_42_39.h5,p0,Aquistion_0,calibration_acqui_up_1,0.000000000,1.000000000,1.381818182,1.000000000,0.593107889,-1.493107889,-0.900000000,0.593107889,0.593107889,13.000000000,12.100000000,12.508046833,11.014938943,1424.000000000,1.402760207,-0.900000000,Moog Actual Tilt [deg],0.090347682,77.000000000,77.900000000,76.927828887,77.018176569,1444.547805193,1706.062140355,245.694747413,60.240137182,True,free_filled_mask+manual_radius_scale,1463.678545536,2407.442243807,245.694747413,4.167756487,True,completed_disk_centroid_from_arc
2026-06-08T12:21:06,MeinelRoof_20260605_11_42_39.h5,/Volumes/LaCie/Data/2026_06_05/MeinelRoof_20260605_11_42_39.h5,p0,Aquistion_0,calibration_acqui_up_1p5,0.000000000,1.500000000,1.381818182,1.000000000,0.705444345,-2.105444345,-1.400000000,0.705444345,0.705444345,13.000000000,11.600000000,12.508046833,10.402602487,1424.000000000,1.971435689,-1.400000000,Moog Actual Tilt [deg],0.134008656,77.000000000,78.400000000,76.927828887,77.061837543,1444.547805193,1706.062140355,245.694747413,60.240137182,True,free_filled_mask+manual_radius_scale,1463.525296578,2691.779984815,245.694747413,5.968843948,True,completed_disk_centroid_from_arc
2026-06-08T12:21:06,MeinelRoof_20260605_11_45_30.h5,/Volumes/LaCie/Data/2026_06_05/MeinelRoof_20260605_11_45_30.h5,p0,Aquistion_0,calibration_acqui_down_1p5,0.000000000,-1.500000000,1.381818182,1.000000000,-0.381489255,1.881489255,1.500000000,-0.381489255,0.381489255,12.700000000,14.200000000,11.900870042,13.782359297,1424.000000000,-1.991160345,1.500000000,Moog Actual Tilt [deg],0.109671090,77.300000000,75.800000000,77.338473645,77.448144734,1447.593790126,1804.328156706,246.011326406,60.315714456,True,free_filled_mask+manual_radius_scale,1486.232275548,808.747984451,246.011326406,7.317609283,True,completed_disk_centroid_from_arc
2026-06-08T12:21:07,MeinelRoof_20260605_11_45_30.h5,/Volumes/LaCie/Data/2026_06_05/MeinelRoof_20260605_11_45_30.h5,p0,Aquistion_0,calibration_acqui_down_1,0.000000000,-1.000000000,1.381818182,1.000000000,-0.222230085,1.122230085,0.900000000,-0.222230085,0.222230085,12.700000000,13.600000000,11.900870042,13.023100127,1424.000000000,-1.190068473,0.900000000,Moog Actual Tilt [deg],0.067838388,77.300000000,76.400000000,77.338473645,77.406312032,1447.593790126,1804.328156706,246.011326406,60.315714456,True,free_filled_mask+manual_radius_scale,1465.219763203,1209.293920102,246.011326406,5.501857557,True,completed_disk_centroid_from_arc
2026-06-08T12:21:08,MeinelRoof_20260605_11_45_30.h5,/Volumes/LaCie/Data/2026_06_05/MeinelRoof_20260605_11_45_30.h5,p0,Aquistion_0,calibration_acqui_down_0p5,0.000000000,-0.500000000,1.381818182,1.000000000,-0.221656459,0.621656459,0.400000000,-0.221656459,0.221656459,12.700000000,13.100000000,11.900870042,12.522526500,1424.000000000,-0.647451932,0.400000000,Moog Actual Tilt [deg],0.025795473,77.300000000,76.900000000,77.338473645,77.364269118,1447.593790126,1804.328156706,246.011326406,60.315714456,True,free_filled_mask+manual_radius_scale,1460.993687654,1480.602190830,246.011326406,6.725744945,True,completed_disk_centroid_from_arc
2026-06-08T12:21:08,MeinelRoof_20260605_11_45_30.h5,/Volumes/LaCie/Data/2026_06_05/MeinelRoof_20260605_11_45_30.h5,p0,Aquistion_0,calibration_acqui_up_0p5,0.000000000,0.500000000,1.381818182,1.000000000,-0.134515965,-0.365484035,-0.500000000,-0.134515965,0.134515965,12.700000000,12.200000000,11.900870042,11.535386007,1424.000000000,0.318640960,-0.500000000,Moog Actual Tilt [deg],0.046843075,77.300000000,77.800000000,77.338473645,77.385316720,1447.593790126,1804.328156706,246.011326406,60.315714456,True,free_filled_mask+manual_radius_scale,1455.558052346,1963.648636734,246.011326406,7.384865941,True,completed_disk_centroid_from_arc
2026-06-08T12:21:09,MeinelRoof_20260605_11_45_30.h5,/Volumes/LaCie/Data/2026_06_05/MeinelRoof_20260605_11_45_30.h5,p0,Aquistion_0,calibration_acqui_up_1,0.000000000,1.000000000,1.381818182,1.000000000,0.291582204,-1.291582204,-1.000000000,0.291582204,0.291582204,12.700000000,11.700000000,11.900870042,10.609287838,1424.000000000,1.202801056,-1.000000000,Moog Actual Tilt [deg],0.088781148,77.300000000,78.300000000,77.338473645,77.427254792,1447.593790126,1804.328156706,246.011326406,60.315714456,True,free_filled_mask+manual_radius_scale,1468.460070409,2405.728684672,246.011326406,4.004237515,True,completed_disk_centroid_from_arc
2026-06-08T12:21:09,MeinelRoof_20260605_11_45_30.h5,/Volumes/LaCie/Data/2026_06_05/MeinelRoof_20260605_11_45_30.h5,p0,Aquistion_0,calibration_acqui_up_1p5,0.000000000,1.500000000,1.381818182,1.000000000,0.403239473,-2.003239473,-1.600000000,0.403239473,0.403239473,12.700000000,11.100000000,11.900870042,9.897630569,1424.000000000,1.872731525,-1.600000000,Moog Actual Tilt [deg],0.130507948,77.300000000,78.900000000,77.338473645,77.468981593,1447.593790126,1804.328156706,246.011326406,60.315714456,True,free_filled_mask+manual_radius_scale,1471.522442147,2740.693919178,246.011326406,6.289207623,True,completed_disk_centroid_from_arc
2026-06-08T12:21:10,MeinelRoof_20260605_11_49_38.h5,/Volumes/LaCie/Data/2026_06_05/MeinelRoof_20260605_11_49_38.h5,p0,Aquistion_0,calibration_acqui_down_1p5,0.000000000,-1.500000000,1.381818182,1.000000000,-0.405603229,1.905603229,1.500000000,-0.405603229,0.405603229,12.100000000,13.600000000,11.154796194,13.060399423,1424.000000000,-2.002902981,1.500000000,Moog Actual Tilt [deg],0.097299751,77.900000000,76.400000000,77.900350350,77.997650101,1478.863429327,1896.426728232,246.335293560,60.401416620,True,free_filled_mask+manual_radius_scale,1469.222777905,894.975237860,246.335293560,6.594639183,True,completed_disk_centroid_from_arc
2026-06-08T12:21:11,MeinelRoof_20260605_11_49_38.h5,/Volumes/LaCie/Data/2026_06_05/MeinelRoof_20260605_11_49_38.h5,p0,Aquistion_0,calibration_acqui_down_1,0.000000000,-1.000000000,1.381818182,1.000000000,-0.397759776,1.397759776,1.000000000,-0.397759776,0.397759776,12.100000000,13.100000000,11.154796194,12.552555970,1424.000000000,-1.456319872,1.000000000,Moog Actual Tilt [deg],0.058560096,77.900000000,76.900000000,77.900350350,77.958910446,1478.863429327,1896.426728232,246.335293560,60.401416620,True,free_filled_mask+manual_radius_scale,1457.464112954,1168.266792204,246.335293560,5.617981673,True,completed_disk_centroid_from_arc
2026-06-08T12:21:11,MeinelRoof_20260605_11_49_38.h5,/Volumes/LaCie/Data/2026_06_05/MeinelRoof_20260605_11_49_38.h5,p0,Aquistion_0,calibration_acqui_down_0p5,0.000000000,-0.500000000,1.381818182,1.000000000,-0.400531194,0.900531194,0.500000000,-0.400531194,0.400531194,12.100000000,12.600000000,11.154796194,12.055327387,1424.000000000,-0.922282769,0.500000000,Moog Actual Tilt [deg],0.021751576,77.900000000,77.400000000,77.900350350,77.922101925,1478.863429327,1896.426728232,246.335293560,60.401416620,True,free_filled_mask+manual_radius_scale,1474.911734736,1435.285343661,246.335293560,6.432863315,True,completed_disk_centroid_from_arc
2026-06-08T12:21:12,MeinelRoof_20260605_11_49_38.h5,/Volumes/LaCie/Data/2026_06_05/MeinelRoof_20260605_11_49_38.h5,p0,Aquistion_0,calibration_acqui_up_0p5,0.000000000,0.500000000,1.381818182,1.000000000,0.097886672,-0.597886672,-0.500000000,0.097886672,0.097886672,12.100000000,11.600000000,11.154796194,10.556909522,1424.000000000,0.558786819,-0.500000000,Moog Actual Tilt [deg],0.039099853,77.900000000,78.400000000,77.900350350,77.939450203,1478.863429327,1896.426728232,246.335293560,60.401416620,True,free_filled_mask+manual_radius_scale,1469.323732648,2175.820137556,246.335293560,5.926981684,True,completed_disk_centroid_from_arc
2026-06-08T12:21:12,MeinelRoof_20260605_11_49_38.h5,/Volumes/LaCie/Data/2026_06_05/MeinelRoof_20260605_11_49_38.h5,p0,Aquistion_0,calibration_acqui_up_1,0.000000000,1.000000000,1.381818182,1.000000000,0.196008343,-1.196008343,-1.000000000,0.196008343,0.196008343,12.100000000,11.100000000,11.154796194,9.958787851,1424.000000000,1.118048183,-1.000000000,Moog Actual Tilt [deg],0.077960160,77.900000000,78.900000000,77.900350350,77.978310510,1478.863429327,1896.426728232,246.335293560,60.401416620,True,free_filled_mask+manual_radius_scale,1474.581964251,2455.450819559,246.335293560,3.969413354,True,completed_disk_centroid_from_arc
2026-06-08T12:21:13,MeinelRoof_20260605_11_49_38.h5,/Volumes/LaCie/Data/2026_06_05/MeinelRoof_20260605_11_49_38.h5,p0,Aquistion_0,calibration_acqui_up_1p5,0.000000000,1.500000000,1.381818182,1.000000000,0.341907834,-1.841907834,-1.500000000,0.341907834,0.341907834,12.100000000,10.600000000,11.154796194,9.312888360,1424.000000000,1.723190931,-1.500000000,Moog Actual Tilt [deg],0.118716903,77.900000000,79.400000000,77.900350350,78.019067253,1478.863429327,1896.426728232,246.335293560,60.401416620,True,free_filled_mask+manual_radius_scale,1454.711621652,2758.022193844,246.335293560,6.253177526,True,completed_disk_centroid_from_arc
2026-06-08T12:21:13,MeinelRoof_20260605_11_52_48.h5,/Volumes/LaCie/Data/2026_06_05/MeinelRoof_20260605_11_52_48.h5,p0,Aquistion_0,calibration_acqui_down_1p5,0.000000000,-1.500000000,1.381818182,1.000000000,-0.118617008,1.518617008,1.400000000,-0.118617008,0.118617008,11.700000000,13.100000000,11.109859719,12.628476727,1424.000000000,-1.611241539,1.400000000,Moog Actual Tilt [deg],0.092624532,78.300000000,76.900000000,78.300648820,78.393273352,1444.932794695,1718.745730637,246.292400322,60.382753480,True,free_filled_mask+manual_radius_scale,1464.379732005,913.124960917,246.292400322,6.258911551,True,completed_disk_centroid_from_arc
2026-06-08T12:21:14,MeinelRoof_20260605_11_52_48.h5,/Volumes/LaCie/Data/2026_06_05/MeinelRoof_20260605_11_52_48.h5,p0,Aquistion_0,calibration_acqui_down_1,0.000000000,-1.000000000,1.381818182,1.000000000,-0.138013484,1.138013484,1.000000000,-0.138013484,0.138013484,11.700000000,12.700000000,11.109859719,12.247873203,1424.000000000,-1.194600498,1.000000000,Moog Actual Tilt [deg],0.056587014,78.300000000,77.300000000,78.300648820,78.357235834,1444.932794695,1718.745730637,246.292400322,60.382753480,True,free_filled_mask+manual_radius_scale,1458.296514077,1121.445481770,246.292400322,5.832089086,True,completed_disk_centroid_from_arc
2026-06-08T12:21:15,MeinelRoof_20260605_11_52_48.h5,/Volumes/LaCie/Data/2026_06_05/MeinelRoof_20260605_11_52_48.h5,p0,Aquistion_0,calibration_acqui_down_0p5,0.000000000,-0.500000000,1.381818182,1.000000000,-0.112812111,0.612812111,0.500000000,-0.112812111,0.112812111,11.700000000,12.200000000,11.109859719,11.722671830,1424.000000000,-0.633095177,0.500000000,Moog Actual Tilt [deg],0.020283066,78.300000000,77.800000000,78.300648820,78.320931886,1444.932794695,1718.745730637,246.292400322,60.382753480,True,free_filled_mask+manual_radius_scale,1460.996074870,1402.198142001,246.292400322,6.797222546,True,completed_disk_centroid_from_arc
2026-06-08T12:21:15,MeinelRoof_20260605_11_52_48.h5,/Volumes/LaCie/Data/2026_06_05/MeinelRoof_20260605_11_52_48.h5,p0,Aquistion_0,calibration_acqui_up_0p5,0.000000000,0.500000000,1.381818182,1.000000000,0.432501122,-1.032501122,-0.600000000,0.432501122,0.432501122,11.700000000,11.100000000,11.109859719,10.077358597,1424.000000000,0.994032934,-0.600000000,Moog Actual Tilt [deg],0.038468188,78.300000000,78.900000000,78.300648820,78.339117008,1444.932794695,1718.745730637,246.292400322,60.382753480,True,free_filled_mask+manual_radius_scale,1461.000719524,2215.762197802,246.292400322,6.008552630,True,completed_disk_centroid_from_arc
2026-06-08T12:21:16,MeinelRoof_20260605_11_52_48.h5,/Volumes/LaCie/Data/2026_06_05/MeinelRoof_20260605_11_52_48.h5,p0,Aquistion_0,calibration_acqui_up_1,0.000000000,1.000000000,1.381818182,1.000000000,0.602219814,-1.602219814,-1.000000000,0.602219814,0.602219814,11.700000000,10.700000000,11.109859719,9.507639905,1424.000000000,1.527580581,-1.000000000,Moog Actual Tilt [deg],0.074639232,78.300000000,79.300000000,78.300648820,78.375288052,1444.932794695,1718.745730637,246.292400322,60.382753480,True,free_filled_mask+manual_radius_scale,1468.032570456,2482.536021334,246.292400322,3.927412705,True,completed_disk_centroid_from_arc
2026-06-08T12:21:16,MeinelRoof_20260605_11_52_48.h5,/Volumes/LaCie/Data/2026_06_05/MeinelRoof_20260605_11_52_48.h5,p0,Aquistion_0,calibration_acqui_up_1p5,0.000000000,1.500000000,1.381818182,1.000000000,0.747110258,-2.247110258,-1.500000000,0.747110258,0.747110258,11.700000000,10.200000000,11.109859719,8.862749460,1424.000000000,2.134580928,-1.500000000,Moog Actual Tilt [deg],0.112529330,78.300000000,79.800000000,78.300648820,78.413178150,1444.932794695,1718.745730637,246.292400322,60.382753480,True,free_filled_mask+manual_radius_scale,1447.712201546,2786.036194620,246.292400322,5.850469373,True,completed_disk_centroid_from_arc
2026-06-08T12:21:17,MeinelRoof_20260605_11_55_15.h5,/Volumes/LaCie/Data/2026_06_05/MeinelRoof_20260605_11_55_15.h5,p0,Aquistion_0,calibration_acqui_down_1p5,0.000000000,-1.500000000,1.381818182,1.000000000,-0.128220755,1.628220755,1.500000000,-0.128220755,0.128220755,11.500000000,13.000000000,10.938106226,12.566326981,1424.000000000,-1.715084042,1.500000000,Moog Actual Tilt [deg],0.086863287,78.500000000,77.000000000,78.590423779,78.677287065,1440.314804927,1659.734997636,246.535810935,60.446143861,True,free_filled_mask+manual_radius_scale,1442.556506867,802.192976871,246.535810935,7.149925168,True,completed_disk_centroid_from_arc
2026-06-08T12:21:18,MeinelRoof_20260605_11_55_15.h5,/Volumes/LaCie/Data/2026_06_05/MeinelRoof_20260605_11_55_15.h5,p0,Aquistion_0,calibration_acqui_down_1,0.000000000,-1.000000000,1.381818182,1.000000000,-0.077862886,1.077862886,1.000000000,-0.077862886,0.077862886,11.500000000,12.500000000,10.938106226,12.015969112,1424.000000000,-1.130959195,1.000000000,Moog Actual Tilt [deg],0.053096309,78.500000000,77.500000000,78.590423779,78.643520088,1440.314804927,1659.734997636,246.535810935,60.446143861,True,free_filled_mask+manual_radius_scale,1453.247803238,1094.255400084,246.535810935,5.708302483,True,completed_disk_centroid_from_arc
2026-06-08T12:21:18,MeinelRoof_20260605_11_55_15.h5,/Volumes/LaCie/Data/2026_06_05/MeinelRoof_20260605_11_55_15.h5,p0,Aquistion_0,calibration_acqui_down_0p5,0.000000000,-0.500000000,1.381818182,1.000000000,-0.033309744,0.533309744,0.500000000,-0.033309744,0.033309744,11.500000000,12.000000000,10.938106226,11.471415970,1424.000000000,-0.552351878,0.500000000,Moog Actual Tilt [deg],0.019042134,78.500000000,78.000000000,78.590423779,78.609465912,1440.314804927,1659.734997636,246.535810935,60.446143861,True,free_filled_mask+manual_radius_scale,1439.511422366,1383.559058700,246.535810935,6.931482042,True,completed_disk_centroid_from_arc
2026-06-08T12:21:19,MeinelRoof_20260605_11_55_15.h5,/Volumes/LaCie/Data/2026_06_05/MeinelRoof_20260605_11_55_15.h5,p0,Aquistion_0,calibration_acqui_up_0p5,0.000000000,0.500000000,1.381818182,1.000000000,0.493110913,-0.993110913,-0.500000000,0.493110913,0.493110913,11.500000000,11.000000000,10.938106226,9.944995313,1424.000000000,0.957005954,-0.500000000,Moog Actual Tilt [deg],0.036104960,78.500000000,79.000000000,78.590423779,78.626528738,1440.314804927,1659.734997636,246.535810935,60.446143861,True,free_filled_mask+manual_radius_scale,1466.551635930,2138.237974540,246.535810935,6.697520688,True,completed_disk_centroid_from_arc
2026-06-08T12:21:19,MeinelRoof_20260605_11_55_15.h5,/Volumes/LaCie/Data/2026_06_05/MeinelRoof_20260605_11_55_15.h5,p0,Aquistion_0,calibration_acqui_up_1,0.000000000,1.000000000,1.381818182,1.000000000,0.594449016,-1.594449016,-1.000000000,0.594449016,0.594449016,11.500000000,10.500000000,10.938106226,9.343657210,1424.000000000,1.524433157,-1.000000000,Moog Actual Tilt [deg],0.070015859,78.500000000,79.500000000,78.590423779,78.660439638,1440.314804927,1659.734997636,246.535810935,60.446143861,True,free_filled_mask+manual_radius_scale,1463.075470056,2421.951575997,246.535810935,4.035050218,True,completed_disk_centroid_from_arc
2026-06-08T12:21:20,MeinelRoof_20260605_11_55_15.h5,/Volumes/LaCie/Data/2026_06_05/MeinelRoof_20260605_11_55_15.h5,p0,Aquistion_0,calibration_acqui_up_1p5,0.000000000,1.500000000,1.381818182,1.000000000,0.664492484,-2.164492484,-1.500000000,0.664492484,0.664492484,11.500000000,10.000000000,10.938106226,8.773613742,1424.000000000,2.060854216,-1.500000000,Moog Actual Tilt [deg],0.103638268,78.500000000,80.000000000,78.590423779,78.694062047,1440.314804927,1659.734997636,246.535810935,60.446143861,True,free_filled_mask+manual_radius_scale,1451.964453989,2690.162105527,246.535810935,6.631779367,True,completed_disk_centroid_from_arc
2026-06-08T12:21:21,MeinelRoof_20260605_11_57_41.h5,/Volumes/LaCie/Data/2026_06_05/MeinelRoof_20260605_11_57_41.h5,p0,Aquistion_0,calibration_acqui_down_1p5,0.000000000,-1.500000000,1.381818182,1.000000000,-0.151879788,1.651879788,1.500000000,-0.151879788,0.151879788,11.200000000,12.700000000,10.633616691,12.285496478,1424.000000000,-1.732585881,1.500000000,Moog Actual Tilt [deg],0.080706093,78.800000000,77.300000000,78.859532390,78.940238483,1435.511501301,1677.425459771,246.623624399,60.460589142,True,free_filled_mask+manual_radius_scale,1444.987720240,811.132519506,246.623624399,6.754371893,True,completed_disk_centroid_from_arc
2026-06-08T12:21:21,MeinelRoof_20260605_11_57_41.h5,/Volumes/LaCie/Data/2026_06_05/MeinelRoof_20260605_11_57_41.h5,p0,Aquistion_0,calibration_acqui_down_1,0.000000000,-1.000000000,1.381818182,1.000000000,-0.047607946,1.147607946,1.100000000,-0.047607946,0.047607946,11.200000000,12.300000000,10.633616691,11.781224637,1424.000000000,-1.196972887,1.100000000,Moog Actual Tilt [deg],0.049364941,78.800000000,77.700000000,78.859532390,78.908897331,1435.511501301,1677.425459771,246.623624399,60.460589142,True,free_filled_mask+manual_radius_scale,1452.335585309,1078.939016034,246.623624399,5.844280650,True,completed_disk_centroid_from_arc
2026-06-08T12:21:22,MeinelRoof_20260605_11_57_41.h5,/Volumes/LaCie/Data/2026_06_05/MeinelRoof_20260605_11_57_41.h5,p0,Aquistion_0,calibration_acqui_down_0p5,0.000000000,-0.500000000,1.381818182,1.000000000,-0.076802944,0.576802944,0.500000000,-0.076802944,0.076802944,11.200000000,11.700000000,10.633616691,11.210419634,1424.000000000,-0.594518325,0.500000000,Moog Actual Tilt [deg],0.017715381,78.800000000,78.300000000,78.859532390,78.877247771,1435.511501301,1677.425459771,246.623624399,60.460589142,True,free_filled_mask+manual_radius_scale,1447.139042865,1380.166297301,246.623624399,6.916707576,True,completed_disk_centroid_from_arc
2026-06-08T12:21:22,MeinelRoof_20260605_11_57_41.h5,/Volumes/LaCie/Data/2026_06_05/MeinelRoof_20260605_11_57_41.h5,p0,Aquistion_0,calibration_acqui_up_0p5,0.000000000,0.500000000,1.381818182,1.000000000,0.560308185,-1.060308185,-0.500000000,0.560308185,0.560308185,11.200000000,10.700000000,10.633616691,9.573308506,1424.000000000,1.026729638,-0.500000000,Moog Actual Tilt [deg],0.033578547,78.800000000,79.300000000,78.859532390,78.893110937,1435.511501301,1677.425459771,246.623624399,60.460589142,True,free_filled_mask+manual_radius_scale,1451.107311352,2190.790278571,246.623624399,6.273604325,True,completed_disk_centroid_from_arc
2026-06-08T12:21:23,MeinelRoof_20260605_11_57_41.h5,/Volumes/LaCie/Data/2026_06_05/MeinelRoof_20260605_11_57_41.h5,p0,Aquistion_0,calibration_acqui_up_1,0.000000000,1.000000000,1.381818182,1.000000000,0.653578872,-1.653578872,-1.000000000,0.653578872,0.653578872,11.200000000,10.200000000,10.633616691,8.980037818,1424.000000000,1.588504639,-1.000000000,Moog Actual Tilt [deg],0.065074233,78.800000000,79.800000000,78.859532390,78.924606623,1435.511501301,1677.425459771,246.623624399,60.460589142,True,free_filled_mask+manual_radius_scale,1462.106296134,2471.677779442,246.623624399,4.068766724,True,completed_disk_centroid_from_arc
2026-06-08T12:21:23,MeinelRoof_20260605_11_57_41.h5,/Volumes/LaCie/Data/2026_06_05/MeinelRoof_20260605_11_57_41.h5,p0,Aquistion_0,calibration_acqui_up_1p5,0.000000000,1.500000000,1.381818182,1.000000000,0.755267813,-2.255267813,-1.500000000,0.755267813,0.755267813,11.200000000,9.700000000,10.633616691,8.378348877,1424.000000000,2.157284204,-1.500000000,Moog Actual Tilt [deg],0.097983609,78.800000000,80.300000000,78.859532390,78.957515999,1435.511501301,1677.425459771,246.623624399,60.460589142,True,free_filled_mask+manual_radius_scale,1444.746933601,2756.067561834,246.623624399,6.075463533,True,completed_disk_centroid_from_arc
2026-06-08T12:21:24,MeinelRoof_20260605_12_00_08.h5,/Volumes/LaCie/Data/2026_06_05/MeinelRoof_20260605_12_00_08.h5,p0,Aquistion_0,calibration_acqui_down_1p5,0.000000000,-1.500000000,1.381818182,1.000000000,-0.198840093,1.698840093,1.500000000,-0.198840093,0.198840093,10.900000000,12.400000000,10.283518651,11.982358744,1424.000000000,-1.772899452,1.500000000,Moog Actual Tilt [deg],0.074059359,79.100000000,77.600000000,79.110252448,79.184311807,1426.026220179,1727.114450664,247.143693129,60.591764991,True,free_filled_mask+manual_radius_scale,1446.471716295,840.664724686,247.143693129,6.792699422,True,completed_disk_centroid_from_arc
2026-06-08T12:21:25,MeinelRoof_20260605_12_00_08.h5,/Volumes/LaCie/Data/2026_06_05/MeinelRoof_20260605_12_00_08.h5,p0,Aquistion_0,calibration_acqui_down_1,0.000000000,-1.000000000,1.381818182,1.000000000,-0.091496268,1.091496268,1.000000000,-0.091496268,0.091496268,10.900000000,11.900000000,10.283518651,11.375014919,1424.000000000,-1.136832186,1.000000000,Moog Actual Tilt [deg],0.045335917,79.100000000,78.100000000,79.110252448,79.155588365,1426.026220179,1727.114450664,247.143693129,60.591764991,True,free_filled_mask+manual_radius_scale,1443.688701943,1158.698357834,247.143693129,5.707068189,True,completed_disk_centroid_from_arc
2026-06-08T12:21:25,MeinelRoof_20260605_12_00_08.h5,/Volumes/LaCie/Data/2026_06_05/MeinelRoof_20260605_12_00_08.h5,p0,Aquistion_0,calibration_acqui_down_0p5,0.000000000,-0.500000000,1.381818182,1.000000000,-0.055112445,0.555112445,0.500000000,-0.055112445,0.055112445,10.900000000,11.400000000,10.283518651,10.838631096,1424.000000000,-0.571394892,0.500000000,Moog Actual Tilt [deg],0.016282447,79.100000000,78.600000000,79.110252448,79.126534895,1426.026220179,1727.114450664,247.143693129,60.591764991,True,free_filled_mask+manual_radius_scale,1444.739588650,1441.417004786,247.143693129,6.928825052,True,completed_disk_centroid_from_arc
2026-06-08T12:21:26,MeinelRoof_20260605_12_00_08.h5,/Volumes/LaCie/Data/2026_06_05/MeinelRoof_20260605_12_00_08.h5,p0,Aquistion_0,calibration_acqui_up_0p5,0.000000000,0.500000000,1.381818182,1.000000000,0.473924691,-0.973924691,-0.500000000,0.473924691,0.473924691,10.900000000,10.400000000,10.283518651,9.309593960,1424.000000000,0.943074420,-0.500000000,Moog Actual Tilt [deg],0.030850270,79.100000000,79.600000000,79.110252448,79.141102718,1426.026220179,1727.114450664,247.143693129,60.591764991,True,free_filled_mask+manual_radius_scale,1467.407134864,2198.651660798,247.143693129,5.837250249,True,completed_disk_centroid_from_arc
2026-06-08T12:21:26,MeinelRoof_20260605_12_00_08.h5,/Volumes/LaCie/Data/2026_06_05/MeinelRoof_20260605_12_00_08.h5,p0,Aquistion_0,calibration_acqui_up_1,0.000000000,1.000000000,1.381818182,1.000000000,0.549607261,-1.549607261,-1.000000000,0.549607261,0.549607261,10.900000000,9.900000000,10.283518651,8.733911390,1424.000000000,1.489868203,-1.000000000,Moog Actual Tilt [deg],0.059739057,79.100000000,80.100000000,79.110252448,79.169991505,1426.026220179,1727.114450664,247.143693129,60.591764991,True,free_filled_mask+manual_radius_scale,1446.401536352,2472.048552285,247.143693129,4.195189521,True,completed_disk_centroid_from_arc
2026-06-08T12:21:27,MeinelRoof_20260605_12_00_08.h5,/Volumes/LaCie/Data/2026_06_05/MeinelRoof_20260605_12_00_08.h5,p0,Aquistion_0,calibration_acqui_up_1p5,0.000000000,1.500000000,1.381818182,1.000000000,0.618327355,-2.118327355,-1.500000000,0.618327355,0.618327355,10.900000000,9.400000000,10.283518651,8.165191296,1424.000000000,2.030030863,-1.500000000,Moog Actual Tilt [deg],0.088296492,79.100000000,80.600000000,79.110252448,79.198548940,1426.026220179,1727.114450664,247.143693129,60.591764991,True,free_filled_mask+manual_radius_scale,1448.889614531,2742.129881959,247.143693129,6.502172402,True,completed_disk_centroid_from_arc
2026-06-08T12:21:28,MeinelRoof_20260605_12_02_35.h5,/Volumes/LaCie/Data/2026_06_05/MeinelRoof_20260605_12_02_35.h5,p0,Aquistion_0,calibration_acqui_down_1p5,0.000000000,-1.500000000,1.381818182,1.000000000,0.140761058,1.459238942,1.600000000,0.140761058,0.140761058,10.600000000,12.200000000,10.026302334,11.485541276,1424.000000000,-1.526200993,1.600000000,Moog Actual Tilt [deg],0.066962051,79.400000000,77.800000000,79.339236562,79.406198613,1425.058266013,1741.230551782,246.769317714,60.499744965,True,free_filled_mask+manual_radius_scale,1461.211238620,978.130055339,246.769317714,6.064581836,True,completed_disk_centroid_from_arc
2026-06-08T12:21:28,MeinelRoof_20260605_12_02_35.h5,/Volumes/LaCie/Data/2026_06_05/MeinelRoof_20260605_12_02_35.h5,p0,Aquistion_0,calibration_acqui_down_1,0.000000000,-1.000000000,1.381818182,1.000000000,-0.100547883,1.200547883,1.100000000,-0.100547883,0.100547883,10.600000000,11.700000000,10.026302334,11.226850218,1424.000000000,-1.241580410,1.100000000,Moog Actual Tilt [deg],0.041032526,79.400000000,78.300000000,79.339236562,79.380269088,1425.058266013,1741.230551782,246.769317714,60.499744965,True,free_filled_mask+manual_radius_scale,1445.992505819,1120.440347010,246.769317714,5.766490760,True,completed_disk_centroid_from_arc
2026-06-08T12:21:29,MeinelRoof_20260605_12_02_35.h5,/Volumes/LaCie/Data/2026_06_05/MeinelRoof_20260605_12_02_35.h5,p0,Aquistion_0,calibration_acqui_down_0p5,0.000000000,-0.500000000,1.381818182,1.000000000,0.235740481,0.364259519,0.600000000,0.235740481,0.235740481,10.600000000,11.200000000,10.026302334,10.390561853,1424.000000000,-0.379011016,0.600000000,Moog Actual Tilt [deg],0.014751497,79.400000000,78.800000000,79.339236562,79.353988059,1425.058266013,1741.230551782,246.769317714,60.499744965,True,free_filled_mask+manual_radius_scale,1434.560936101,1551.725043614,246.769317714,7.321120905,True,completed_disk_centroid_from_arc
2026-06-08T12:21:30,MeinelRoof_20260605_12_02_35.h5,/Volumes/LaCie/Data/2026_06_05/MeinelRoof_20260605_12_02_35.h5,p0,Aquistion_0,calibration_acqui_up_0p5,0.000000000,0.500000000,1.381818182,1.000000000,0.558987276,-0.958987276,-0.400000000,0.558987276,0.558987276,10.600000000,10.200000000,10.026302334,9.067315058,1424.000000000,0.931051489,-0.400000000,Moog Actual Tilt [deg],0.027935787,79.400000000,79.800000000,79.339236562,79.367172349,1425.058266013,1741.230551782,246.769317714,60.499744965,True,free_filled_mask+manual_radius_scale,1452.367234303,2206.756296253,246.769317714,6.037381348,True,completed_disk_centroid_from_arc
2026-06-08T12:21:30,MeinelRoof_20260605_12_02_35.h5,/Volumes/LaCie/Data/2026_06_05/MeinelRoof_20260605_12_02_35.h5,p0,Aquistion_0,calibration_acqui_up_1,0.000000000,1.000000000,1.381818182,1.000000000,0.538443739,-1.538443739,-1.000000000,0.538443739,0.538443739,10.600000000,9.600000000,10.026302334,8.487858595,1424.000000000,1.484402350,-1.000000000,Moog Actual Tilt [deg],0.054041389,79.400000000,80.400000000,79.339236562,79.393277951,1425.058266013,1741.230551782,246.769317714,60.499744965,True,free_filled_mask+manual_radius_scale,1435.986297647,2483.431726766,246.769317714,4.320833190,True,completed_disk_centroid_from_arc
2026-06-08T12:21:31,MeinelRoof_20260605_12_02_35.h5,/Volumes/LaCie/Data/2026_06_05/MeinelRoof_20260605_12_02_35.h5,p0,Aquistion_0,calibration_acqui_up_1p5,0.000000000,1.500000000,1.381818182,1.000000000,0.632922167,-2.132922167,-1.500000000,0.632922167,0.632922167,10.600000000,9.100000000,10.026302334,7.893380168,1424.000000000,2.053127979,-1.500000000,Moog Actual Tilt [deg],0.079794188,79.400000000,80.900000000,79.339236562,79.419030750,1425.058266013,1741.230551782,246.769317714,60.499744965,True,free_filled_mask+manual_radius_scale,1446.726145503,2767.794541358,246.769317714,6.118596373,True,completed_disk_centroid_from_arc
2026-06-08T12:21:31,MeinelRoof_20260605_12_05_02.h5,/Volumes/LaCie/Data/2026_06_05/MeinelRoof_20260605_12_05_02.h5,p0,Aquistion_0,calibration_acqui_down_1p5,0.000000000,-1.500000000,1.381818182,1.000000000,-0.148724205,1.648724205,1.500000000,-0.148724205,0.148724205,10.500000000,12.000000000,9.894804984,11.543529189,1424.000000000,-1.706880163,1.500000000,Moog Actual Tilt [deg],0.058155958,79.500000000,78.000000000,79.545050835,79.603206793,1429.653379203,1704.072090525,246.451463649,60.425229808,True,free_filled_mask+manual_radius_scale,1441.903976160,850.632008830,246.451463649,6.657929932,True,completed_disk_centroid_from_arc
2026-06-08T12:21:32,MeinelRoof_20260605_12_05_02.h5,/Volumes/LaCie/Data/2026_06_05/MeinelRoof_20260605_12_05_02.h5,p0,Aquistion_0,calibration_acqui_down_1,0.000000000,-1.000000000,1.381818182,1.000000000,-0.112852971,1.112852971,1.000000000,-0.112852971,0.112852971,10.500000000,11.500000000,9.894804984,11.007657955,1424.000000000,-1.148025386,1.000000000,Moog Actual Tilt [deg],0.035172415,79.500000000,78.500000000,79.545050835,79.580223250,1429.653379203,1704.072090525,246.451463649,60.425229808,True,free_filled_mask+manual_radius_scale,1438.998425241,1130.059397313,246.451463649,5.755823262,True,completed_disk_centroid_from_arc
2026-06-08T12:21:33,MeinelRoof_20260605_12_05_02.h5,/Volumes/LaCie/Data/2026_06_05/MeinelRoof_20260605_12_05_02.h5,p0,Aquistion_0,calibration_acqui_down_0p5,0.000000000,-0.500000000,1.381818182,1.000000000,-0.031712746,0.531712746,0.500000000,-0.031712746,0.031712746,10.500000000,11.000000000,9.894804984,10.426517730,1424.000000000,-0.544836678,0.500000000,Moog Actual Tilt [deg],0.013123933,79.500000000,79.000000000,79.545050835,79.558174768,1429.653379203,1704.072090525,246.451463649,60.425229808,True,free_filled_mask+manual_radius_scale,1433.804771756,1431.653751366,246.451463649,6.933383790,True,completed_disk_centroid_from_arc
2026-06-08T12:21:33,MeinelRoof_20260605_12_05_02.h5,/Volumes/LaCie/Data/2026_06_05/MeinelRoof_20260605_12_05_02.h5,p0,Aquistion_0,calibration_acqui_up_0p5,0.000000000,0.500000000,1.381818182,1.000000000,0.450007058,-0.950007058,-0.500000000,0.450007058,0.450007058,10.500000000,10.000000000,9.894804984,8.944797926,1424.000000000,0.926466146,-0.500000000,Moog Actual Tilt [deg],0.023540912,79.500000000,80.000000000,79.545050835,79.568591747,1429.653379203,1704.072090525,246.451463649,60.425229808,True,free_filled_mask+manual_radius_scale,1425.872512743,2167.305163684,246.451463649,6.478085362,True,completed_disk_centroid_from_arc
2026-06-08T12:21:34,MeinelRoof_20260605_12_05_02.h5,/Volumes/LaCie/Data/2026_06_05/MeinelRoof_20260605_12_05_02.h5,p0,Aquistion_0,calibration_acqui_up_1,0.000000000,1.000000000,1.381818182,1.000000000,0.530359112,-1.530359112,-1.000000000,0.530359112,0.530359112,10.500000000,9.500000000,9.894804984,8.364445872,1424.000000000,1.482371951,-1.000000000,Moog Actual Tilt [deg],0.047987161,79.500000000,80.500000000,79.545050835,79.593037996,1429.653379203,1704.072090525,246.451463649,60.425229808,True,free_filled_mask+manual_radius_scale,1437.220727875,2445.258066004,246.451463649,4.147062509,True,completed_disk_centroid_from_arc
2026-06-08T12:21:34,MeinelRoof_20260605_12_05_02.h5,/Volumes/LaCie/Data/2026_06_05/MeinelRoof_20260605_12_05_02.h5,p0,Aquistion_0,calibration_acqui_up_1p5,0.000000000,1.500000000,1.381818182,1.000000000,0.628711984,-2.128711984,-1.500000000,0.628711984,0.628711984,10.500000000,9.000000000,9.894804984,7.766093000,1424.000000000,2.057949134,-1.500000000,Moog Actual Tilt [deg],0.070762850,79.500000000,81.000000000,79.545050835,79.615813685,1429.653379203,1704.072090525,246.451463649,60.425229808,True,free_filled_mask+manual_radius_scale,1452.275158043,2733.046657535,246.451463649,6.489500252,True,completed_disk_centroid_from_arc
2026-06-08T12:21:35,MeinelRoof_20260605_12_07_28.h5,/Volumes/LaCie/Data/2026_06_05/MeinelRoof_20260605_12_07_28.h5,p0,Aquistion_0,calibration_acqui_down_1p5,0.000000000,-1.500000000,1.381818182,1.000000000,-0.127212094,1.627212094,1.500000000,-0.127212094,0.127212094,10.300000000,11.800000000,9.700102629,11.327314723,1424.000000000,-1.678725114,1.500000000,Moog Actual Tilt [deg],0.051513020,79.700000000,78.200000000,79.725150715,79.776663735,1437.698808965,1711.373327730,246.755442549,60.504328631,True,free_filled_mask+manual_radius_scale,1448.540089138,872.010770942,246.755442549,6.711784408,True,completed_disk_centroid_from_arc
2026-06-08T12:21:36,MeinelRoof_20260605_12_07_28.h5,/Volumes/LaCie/Data/2026_06_05/MeinelRoof_20260605_12_07_28.h5,p0,Aquistion_0,calibration_acqui_down_1,0.000000000,-1.000000000,1.381818182,1.000000000,-0.071788344,1.071788344,1.000000000,-0.071788344,0.071788344,10.300000000,11.300000000,9.700102629,10.771890973,1424.000000000,-1.103448534,1.000000000,Moog Actual Tilt [deg],0.031660190,79.700000000,78.700000000,79.725150715,79.756810905,1437.698808965,1711.373327730,246.755442549,60.504328631,True,free_filled_mask+manual_radius_scale,1442.803657837,1159.649060726,246.755442549,5.760910964,True,completed_disk_centroid_from_arc
2026-06-08T12:21:36,MeinelRoof_20260605_12_07_28.h5,/Volumes/LaCie/Data/2026_06_05/MeinelRoof_20260605_12_07_28.h5,p0,Aquistion_0,calibration_acqui_down_0p5,0.000000000,-0.500000000,1.381818182,1.000000000,-0.073431788,0.573431788,0.500000000,-0.073431788,0.073431788,10.300000000,10.800000000,9.700102629,10.273534417,1424.000000000,-0.584847297,0.500000000,Moog Actual Tilt [deg],0.011415509,79.700000000,79.200000000,79.725150715,79.736566225,1437.698808965,1711.373327730,246.755442549,60.504328631,True,free_filled_mask+manual_radius_scale,1441.713406540,1418.949679111,246.755442549,6.911393621,True,completed_disk_centroid_from_arc
2026-06-08T12:21:37,MeinelRoof_20260605_12_07_28.h5,/Volumes/LaCie/Data/2026_06_05/MeinelRoof_20260605_12_07_28.h5,p0,Aquistion_0,calibration_acqui_up_0p5,0.000000000,0.500000000,1.381818182,1.000000000,0.490914747,-0.990914747,-0.500000000,0.490914747,0.490914747,10.300000000,9.800000000,9.700102629,8.709187883,1424.000000000,0.969328060,-0.500000000,Moog Actual Tilt [deg],0.021586687,79.700000000,80.200000000,79.725150715,79.746737402,1437.698808965,1711.373327730,246.755442549,60.504328631,True,free_filled_mask+manual_radius_scale,1430.294936598,2196.037357717,246.755442549,6.008854692,True,completed_disk_centroid_from_arc
2026-06-08T12:21:37,MeinelRoof_20260605_12_07_28.h5,/Volumes/LaCie/Data/2026_06_05/MeinelRoof_20260605_12_07_28.h5,p0,Aquistion_0,calibration_acqui_up_1,0.000000000,1.000000000,1.381818182,1.000000000,0.482395953,-1.582395953,-1.100000000,0.482395953,0.482395953,10.300000000,9.200000000,9.700102629,8.117706677,1424.000000000,1.540760223,-1.100000000,Moog Actual Tilt [deg],0.041635730,79.700000000,80.800000000,79.725150715,79.766786445,1437.698808965,1711.373327730,246.755442549,60.504328631,True,free_filled_mask+manual_radius_scale,1455.403402959,2481.753438993,246.755442549,4.110868075,True,completed_disk_centroid_from_arc
2026-06-08T12:21:38,MeinelRoof_20260605_12_07_28.h5,/Volumes/LaCie/Data/2026_06_05/MeinelRoof_20260605_12_07_28.h5,p0,Aquistion_0,calibration_acqui_up_1p5,0.000000000,1.500000000,1.381818182,1.000000000,0.309415731,-1.809415731,-1.500000000,0.309415731,0.309415731,10.300000000,8.800000000,9.700102629,7.890686898,1424.000000000,1.748123958,-1.500000000,Moog Actual Tilt [deg],0.061291773,79.700000000,81.200000000,79.725150715,79.786442488,1437.698808965,1711.373327730,246.755442549,60.504328631,True,free_filled_mask+manual_radius_scale,1445.038576986,2585.435306895,246.755442549,5.155062660,True,completed_disk_centroid_from_arc
2026-06-08T12:21:39,MeinelRoof_20260605_12_10_19.h5,/Volumes/LaCie/Data/2026_06_05/MeinelRoof_20260605_12_10_19.h5,p0,Aquistion_0,calibration_acqui_down_1p5,0.000000000,-1.500000000,1.381818182,1.000000000,-0.152074475,1.652074475,1.500000000,-0.152074475,0.152074475,10.100000000,11.600000000,9.529940337,11.182014812,1424.000000000,-1.692954575,1.500000000,Moog Actual Tilt [deg],0.040880100,79.900000000,78.400000000,79.903536370,79.944416470,1427.728511806,1707.261646273,246.415932159,60.417701736,True,free_filled_mask+manual_radius_scale,1448.712616906,860.784358732,246.415932159,6.685709188,True,completed_disk_centroid_from_arc
2026-06-08T12:21:39,MeinelRoof_20260605_12_10_19.h5,/Volumes/LaCie/Data/2026_06_05/MeinelRoof_20260605_12_10_19.h5,p0,Aquistion_0,calibration_acqui_down_1,0.000000000,-1.000000000,1.381818182,1.000000000,-0.038411466,1.038411466,1.000000000,-0.038411466,0.038411466,10.100000000,11.100000000,9.529940337,10.568351804,1424.000000000,-1.063248484,1.000000000,Moog Actual Tilt [deg],0.024837018,79.900000000,78.900000000,79.903536370,79.928373388,1427.728511806,1707.261646273,246.415932159,60.417701736,True,free_filled_mask+manual_radius_scale,1446.709665805,1175.637404297,246.415932159,5.730569078,True,completed_disk_centroid_from_arc
2026-06-08T12:21:40,MeinelRoof_20260605_12_10_19.h5,/Volumes/LaCie/Data/2026_06_05/MeinelRoof_20260605_12_10_19.h5,p0,Aquistion_0,calibration_acqui_down_0p5,0.000000000,-0.500000000,1.381818182,1.000000000,-0.047164484,0.547164484,0.500000000,-0.047164484,0.047164484,10.100000000,10.600000000,9.529940337,10.077104821,1424.000000000,-0.555546139,0.500000000,Moog Actual Tilt [deg],0.008381656,79.900000000,79.400000000,79.903536370,79.911918026,1427.728511806,1707.261646273,246.415932159,60.417701736,True,free_filled_mask+manual_radius_scale,1443.303260275,1429.488576544,246.415932159,6.849494868,True,completed_disk_centroid_from_arc
2026-06-08T12:21:40,MeinelRoof_20260605_12_10_19.h5,/Volumes/LaCie/Data/2026_06_05/MeinelRoof_20260605_12_10_19.h5,p0,Aquistion_0,calibration_acqui_up_0p5,0.000000000,0.500000000,1.381818182,1.000000000,0.444476314,-1.044476314,-0.600000000,0.444476314,0.444476314,10.100000000,9.500000000,9.529940337,8.485464024,1424.000000000,1.027815567,-0.600000000,Moog Actual Tilt [deg],0.016660746,79.900000000,80.500000000,79.903536370,79.920197116,1427.728511806,1707.261646273,246.415932159,60.417701736,True,free_filled_mask+manual_radius_scale,1432.882577118,2221.169430002,246.415932159,5.776621053,True,completed_disk_centroid_from_arc
2026-06-08T12:21:41,MeinelRoof_20260605_12_10_19.h5,/Volumes/LaCie/Data/2026_06_05/MeinelRoof_20260605_12_10_19.h5,p0,Aquistion_0,calibration_acqui_up_1,0.000000000,1.000000000,1.381818182,1.000000000,0.532841214,-1.632841214,-1.100000000,0.532841214,0.532841214,10.100000000,9.000000000,9.529940337,7.897099123,1424.000000000,1.599040346,-1.100000000,Moog Actual Tilt [deg],0.033800868,79.900000000,81.000000000,79.903536370,79.937337238,1427.728511806,1707.261646273,246.415932159,60.417701736,True,free_filled_mask+manual_radius_scale,1439.417048939,2506.781819331,246.415932159,4.175545297,True,completed_disk_centroid_from_arc
2026-06-08T12:21:42,MeinelRoof_20260605_12_10_19.h5,/Volumes/LaCie/Data/2026_06_05/MeinelRoof_20260605_12_10_19.h5,p0,Aquistion_0,calibration_acqui_up_1p5,0.000000000,1.500000000,1.381818182,1.000000000,0.633516082,-2.233516082,-1.600000000,0.633516082,0.633516082,10.100000000,8.500000000,9.529940337,7.296424255,1424.000000000,2.183902034,-1.600000000,Moog Actual Tilt [deg],0.049614048,79.900000000,81.500000000,79.903536370,79.953150418,1427.728511806,1707.261646273,246.415932159,60.417701736,True,free_filled_mask+manual_radius_scale,1438.655505566,2799.212663409,246.415932159,6.139783866,True,completed_disk_centroid_from_arc
2026-06-08T12:21:42,MeinelRoof_20260605_12_21_28.h5,/Volumes/LaCie/Data/2026_06_05/MeinelRoof_20260605_12_21_28.h5,p0,Aquistion_0,calibration_acqui_down_1p5,0.000000000,-1.500000000,1.381818182,1.000000000,-0.112016729,1.612016729,1.500000000,-0.112016729,0.112016729,9.800000000,11.300000000,9.227109065,10.839125794,1424.000000000,-1.608400733,1.500000000,Moog Actual Tilt [deg],-0.003615996,80.200000000,78.700000000,80.233199825,80.229583828,1825.741194523,1693.845555384,245.800415769,60.273713239,True,free_filled_mask+manual_radius_scale,1843.549020058,889.645188749,245.800415769,5.965064007,True,completed_disk_centroid_from_arc
2026-06-08T12:21:43,MeinelRoof_20260605_12_21_28.h5,/Volumes/LaCie/Data/2026_06_05/MeinelRoof_20260605_12_21_28.h5,p0,Aquistion_0,calibration_acqui_down_1,0.000000000,-1.000000000,1.381818182,1.000000000,-0.082627905,1.082627905,1.000000000,-0.082627905,0.082627905,9.800000000,10.800000000,9.227109065,10.309736969,1424.000000000,-1.080797291,1.000000000,Moog Actual Tilt [deg],-0.001830613,80.200000000,79.200000000,80.233199825,80.231369211,1825.741194523,1693.845555384,245.800415769,60.273713239,True,free_filled_mask+manual_radius_scale,1838.938417739,1153.446909680,245.800415769,5.302739893,True,completed_disk_centroid_from_arc
2026-06-08T12:21:44,MeinelRoof_20260605_12_21_28.h5,/Volumes/LaCie/Data/2026_06_05/MeinelRoof_20260605_12_21_28.h5,p0,Aquistion_0,calibration_acqui_down_0p5,0.000000000,-0.500000000,1.381818182,1.000000000,-0.042243309,0.542243309,0.500000000,-0.042243309,0.042243309,9.800000000,10.300000000,9.227109065,9.769352373,1424.000000000,-0.541806956,0.500000000,Moog Actual Tilt [deg],-0.000436353,80.200000000,79.700000000,80.233199825,80.232763472,1825.741194523,1693.845555384,245.800415769,60.273713239,True,free_filled_mask+manual_radius_scale,1832.024678734,1422.942077576,245.800415769,6.819684316,True,completed_disk_centroid_from_arc
2026-06-08T12:21:44,MeinelRoof_20260605_12_21_28.h5,/Volumes/LaCie/Data/2026_06_05/MeinelRoof_20260605_12_21_28.h5,p0,Aquistion_0,calibration_acqui_up_0p5,0.000000000,0.500000000,1.381818182,1.000000000,0.050733517,-0.550733517,-0.500000000,0.050733517,0.050733517,9.800000000,9.300000000,9.227109065,8.676375547,1424.000000000,0.551767523,-0.500000000,Moog Actual Tilt [deg],-0.001034006,80.200000000,80.700000000,80.233199825,80.232165818,1825.741194523,1693.845555384,245.800415769,60.273713239,True,free_filled_mask+manual_radius_scale,1834.395046730,1969.729317101,245.800415769,6.716848380,True,completed_disk_centroid_from_arc
2026-06-08T12:21:45,MeinelRoof_20260605_12_21_28.h5,/Volumes/LaCie/Data/2026_06_05/MeinelRoof_20260605_12_21_28.h5,p0,Aquistion_0,calibration_acqui_up_1,0.000000000,1.000000000,1.381818182,1.000000000,0.530650242,-1.530650242,-1.000000000,0.530650242,0.530650242,9.800000000,8.800000000,9.227109065,7.696458823,1424.000000000,1.533317067,-1.000000000,Moog Actual Tilt [deg],-0.002666825,80.200000000,81.200000000,80.233199825,80.230532999,1825.741194523,1693.845555384,245.800415769,60.273713239,True,free_filled_mask+manual_radius_scale,1843.775239256,2460.504088913,245.800415769,3.347461366,True,completed_disk_centroid_from_arc
2026-06-08T12:21:46,MeinelRoof_20260605_12_21_28.h5,/Volumes/LaCie/Data/2026_06_05/MeinelRoof_20260605_12_21_28.h5,p0,Aquistion_0,calibration_acqui_up_1p5,0.000000000,1.500000000,1.381818182,1.000000000,0.660691159,-2.160691159,-1.500000000,0.660691159,0.660691159,9.800000000,8.300000000,9.227109065,7.066417905,1424.000000000,2.165369252,-1.500000000,Moog Actual Tilt [deg],-0.004678093,80.200000000,81.700000000,80.233199825,80.228521732,1825.741194523,1693.845555384,245.800415769,60.273713239,True,free_filled_mask+manual_radius_scale,1839.295686590,2776.530181329,245.800415769,8.721514411,True,completed_disk_centroid_from_arc
2026-06-08T12:21:46,MeinelRoof_20260605_12_43_24.h5,/Volumes/LaCie/Data/2026_06_05/MeinelRoof_20260605_12_43_24.h5,p0,Aquistion_0,calibration_acqui_down_1p5,0.000000000,-1.500000000,1.381818182,1.000000000,-0.233154685,1.733154685,1.500000000,-0.233154685,0.233154685,10.900000000,12.400000000,10.209107931,11.942262616,1424.000000000,-1.636023586,1.500000000,Moog Actual Tilt [deg],-0.097131099,79.100000000,77.600000000,78.984743452,78.887612353,1718.889898613,1827.074308699,244.824273944,60.038281814,True,free_filled_mask+manual_radius_scale,1754.458725589,1009.062515499,244.824273944,5.276271160,True,completed_disk_centroid_from_arc
2026-06-08T12:21:47,MeinelRoof_20260605_12_43_24.h5,/Volumes/LaCie/Data/2026_06_05/MeinelRoof_20260605_12_43_24.h5,p0,Aquistion_0,calibration_acqui_down_1,0.000000000,-1.000000000,1.381818182,1.000000000,-0.083658658,1.083658658,1.000000000,-0.083658658,0.083658658,10.900000000,11.900000000,10.209107931,11.292766589,1424.000000000,-1.025044519,1.000000000,Moog Actual Tilt [deg],-0.058614139,79.100000000,78.100000000,78.984743452,78.926129313,1718.889898613,1827.074308699,244.824273944,60.038281814,True,free_filled_mask+manual_radius_scale,1733.556188879,1314.552049079,244.824273944,5.683344897,True,completed_disk_centroid_from_arc
2026-06-08T12:21:47,MeinelRoof_20260605_12_43_24.h5,/Volumes/LaCie/Data/2026_06_05/MeinelRoof_20260605_12_43_24.h5,p0,Aquistion_0,calibration_acqui_down_0p5,0.000000000,-0.500000000,1.381818182,1.000000000,-0.055267823,0.555267823,0.500000000,-0.055267823,0.055267823,10.900000000,11.400000000,10.209107931,10.764375753,1424.000000000,-0.534707820,0.500000000,Moog Actual Tilt [deg],-0.020560002,79.100000000,78.600000000,78.984743452,78.964183450,1718.889898613,1827.074308699,244.824273944,60.038281814,True,free_filled_mask+manual_radius_scale,1739.678131674,1559.720398490,244.824273944,7.014882051,True,completed_disk_centroid_from_arc
2026-06-08T12:21:48,MeinelRoof_20260605_12_43_24.h5,/Volumes/LaCie/Data/2026_06_05/MeinelRoof_20260605_12_43_24.h5,p0,Aquistion_0,calibration_acqui_up_0p5,0.000000000,0.500000000,1.381818182,1.000000000,0.069191933,-0.569191933,-0.500000000,0.069191933,0.069191933,10.900000000,10.400000000,10.209107931,9.639915998,1424.000000000,0.608720849,-0.500000000,Moog Actual Tilt [deg],-0.039528916,79.100000000,79.600000000,78.984743452,78.945214536,1718.889898613,1827.074308699,244.824273944,60.038281814,True,free_filled_mask+manual_radius_scale,1723.657392925,2131.434733249,244.824273944,5.329220869,True,completed_disk_centroid_from_arc
2026-06-08T12:21:48,MeinelRoof_20260605_12_43_24.h5,/Volumes/LaCie/Data/2026_06_05/MeinelRoof_20260605_12_43_24.h5,p0,Aquistion_0,calibration_acqui_up_1,0.000000000,1.000000000,1.381818182,1.000000000,0.093329805,-1.093329805,-1.000000000,0.093329805,0.093329805,10.900000000,9.900000000,10.209107931,9.115778126,1424.000000000,1.171144872,-1.000000000,Moog Actual Tilt [deg],-0.077815067,79.100000000,80.100000000,78.984743452,78.906928385,1718.889898613,1827.074308699,244.824273944,60.038281814,True,free_filled_mask+manual_radius_scale,1732.181705372,2412.646744572,244.824273944,3.198914751,True,completed_disk_centroid_from_arc
2026-06-08T12:21:49,MeinelRoof_20260605_12_43_24.h5,/Volumes/LaCie/Data/2026_06_05/MeinelRoof_20260605_12_43_24.h5,p0,Aquistion_0,calibration_acqui_up_1p5,0.000000000,1.500000000,1.381818182,1.000000000,0.177009634,-1.677009634,-1.500000000,0.177009634,0.177009634,10.900000000,9.400000000,10.209107931,8.532098297,1424.000000000,1.793571265,-1.500000000,Moog Actual Tilt [deg],-0.116561631,79.100000000,80.600000000,78.984743452,78.868181821,1718.889898613,1827.074308699,244.824273944,60.038281814,True,free_filled_mask+manual_radius_scale,1728.040246159,2723.859941415,244.824273944,7.389216598,True,completed_disk_centroid_from_arc
2026-06-08T12:21:50,MeinelRoof_20260605_12_46_10.h5,/Volumes/LaCie/Data/2026_06_05/MeinelRoof_20260605_12_46_10.h5,p0,Aquistion_0,calibration_acqui_down_1p5,0.000000000,-1.500000000,1.381818182,1.000000000,-0.421827809,1.921827809,1.500000000,-0.421827809,0.421827809,11.200000000,12.700000000,10.281137370,12.202965179,1424.000000000,-1.816080122,1.500000000,Moog Actual Tilt [deg],-0.105747687,78.800000000,77.300000000,78.686390386,78.580642699,1733.770285891,1940.236122120,244.224927394,59.876687935,True,free_filled_mask+manual_radius_scale,1757.076060769,1032.196061107,244.224927394,5.151505291,True,completed_disk_centroid_from_arc
2026-06-08T12:21:50,MeinelRoof_20260605_12_46_10.h5,/Volumes/LaCie/Data/2026_06_05/MeinelRoof_20260605_12_46_10.h5,p0,Aquistion_0,calibration_acqui_down_1,0.000000000,-1.000000000,1.381818182,1.000000000,-0.113099890,1.113099890,1.000000000,-0.113099890,0.113099890,11.200000000,12.200000000,10.281137370,11.394237259,1424.000000000,-1.051119502,1.000000000,Moog Actual Tilt [deg],-0.061980388,78.800000000,77.800000000,78.686390386,78.624409998,1733.770285891,1940.236122120,244.224927394,59.876687935,True,free_filled_mask+manual_radius_scale,1737.189802802,1414.676371344,244.224927394,6.470811276,True,completed_disk_centroid_from_arc
2026-06-08T12:21:51,MeinelRoof_20260605_12_46_10.h5,/Volumes/LaCie/Data/2026_06_05/MeinelRoof_20260605_12_46_10.h5,p0,Aquistion_0,calibration_acqui_down_0p5,0.000000000,-0.500000000,1.381818182,1.000000000,-0.335650774,0.835650774,0.500000000,-0.335650774,0.335650774,11.200000000,11.700000000,10.281137370,11.116788143,1424.000000000,-0.815098328,0.500000000,Moog Actual Tilt [deg],-0.020552446,78.800000000,78.300000000,78.686390386,78.665837940,1733.770285891,1940.236122120,244.224927394,59.876687935,True,free_filled_mask+manual_radius_scale,1741.831840624,1532.686958129,244.224927394,7.205113316,True,completed_disk_centroid_from_arc
2026-06-08T12:21:51,MeinelRoof_20260605_12_46_10.h5,/Volumes/LaCie/Data/2026_06_05/MeinelRoof_20260605_12_46_10.h5,p0,Aquistion_0,calibration_acqui_up_0p5,0.000000000,0.500000000,1.381818182,1.000000000,-0.222294902,-0.377705098,-0.600000000,-0.222294902,0.222294902,11.200000000,10.600000000,10.281137370,9.903432272,1424.000000000,0.418917869,-0.600000000,Moog Actual Tilt [deg],-0.041212772,78.800000000,79.400000000,78.686390386,78.645177614,1733.770285891,1940.236122120,244.224927394,59.876687935,True,free_filled_mask+manual_radius_scale,1729.063689606,2149.695056816,244.224927394,5.326850301,True,completed_disk_centroid_from_arc
2026-06-08T12:21:52,MeinelRoof_20260605_12_46_10.h5,/Volumes/LaCie/Data/2026_06_05/MeinelRoof_20260605_12_46_10.h5,p0,Aquistion_0,calibration_acqui_up_1,0.000000000,1.000000000,1.381818182,1.000000000,-0.065681323,-0.934318677,-1.000000000,-0.065681323,0.065681323,11.200000000,10.200000000,10.281137370,9.346818692,1424.000000000,1.019076318,-1.000000000,Moog Actual Tilt [deg],-0.084757640,78.800000000,79.800000000,78.686390386,78.601632745,1733.770285891,1940.236122120,244.224927394,59.876687935,True,free_filled_mask+manual_radius_scale,1740.687063446,2449.774281028,244.224927394,2.946582177,True,completed_disk_centroid_from_arc
2026-06-08T12:21:52,MeinelRoof_20260605_12_46_10.h5,/Volumes/LaCie/Data/2026_06_05/MeinelRoof_20260605_12_46_10.h5,p0,Aquistion_0,calibration_acqui_up_1p5,0.000000000,1.500000000,1.381818182,1.000000000,-0.002187455,-1.497812545,-1.500000000,-0.002187455,0.002187455,11.200000000,9.700000000,10.281137370,8.783324825,1424.000000000,1.624655751,-1.500000000,Moog Actual Tilt [deg],-0.126843206,78.800000000,80.300000000,78.686390386,78.559547180,1733.770285891,1940.236122120,244.224927394,59.876687935,True,free_filled_mask+manual_radius_scale,1737.665328769,2752.563997372,244.224927394,7.079143964,True,completed_disk_centroid_from_arc
2026-06-08T12:21:53,MeinelRoof_20260605_12_51_04.h5,/Volumes/LaCie/Data/2026_06_05/MeinelRoof_20260605_12_51_04.h5,p0,Aquistion_0,calibration_acqui_down_1p5,0.000000000,-1.500000000,1.381818182,1.000000000,0.009533898,1.490466102,1.500000000,0.009533898,0.009533898,11.800000000,13.300000000,11.168102924,12.658569026,1424.000000000,-1.366907451,1.500000000,Moog Actual Tilt [deg],-0.123558651,78.200000000,76.700000000,78.101639002,77.978080351,1755.799243525,1789.129036972,244.841463421,60.042061316,True,free_filled_mask+manual_radius_scale,1761.603101565,1105.675311272,244.841463421,5.252800396,True,completed_disk_centroid_from_arc
2026-06-08T12:21:54,MeinelRoof_20260605_12_51_04.h5,/Volumes/LaCie/Data/2026_06_05/MeinelRoof_20260605_12_51_04.h5,p0,Aquistion_0,calibration_acqui_down_1,0.000000000,-1.000000000,1.381818182,1.000000000,-0.072578767,1.072578767,1.000000000,-0.072578767,0.072578767,11.800000000,12.800000000,11.168102924,12.240681691,1424.000000000,-0.998322354,1.000000000,Moog Actual Tilt [deg],-0.074256413,78.200000000,77.200000000,78.101639002,78.027382589,1755.799243525,1789.129036972,244.841463421,60.042061316,True,free_filled_mask+manual_radius_scale,1760.314354007,1289.967859978,244.841463421,5.998382038,True,completed_disk_centroid_from_arc
2026-06-08T12:21:54,MeinelRoof_20260605_12_51_04.h5,/Volumes/LaCie/Data/2026_06_05/MeinelRoof_20260605_12_51_04.h5,p0,Aquistion_0,calibration_acqui_down_0p5,0.000000000,-0.500000000,1.381818182,1.000000000,-0.056706749,0.556706749,0.500000000,-0.056706749,0.056706749,11.800000000,12.300000000,11.168102924,11.724809673,1424.000000000,-0.531352788,0.500000000,Moog Actual Tilt [deg],-0.025353961,78.200000000,77.700000000,78.101639002,78.076285041,1755.799243525,1789.129036972,244.841463421,60.042061316,True,free_filled_mask+manual_radius_scale,1757.771414646,1523.452642903,244.841463421,7.267693433,True,completed_disk_centroid_from_arc
2026-06-08T12:21:55,MeinelRoof_20260605_12_51_04.h5,/Volumes/LaCie/Data/2026_06_05/MeinelRoof_20260605_12_51_04.h5,p0,Aquistion_0,calibration_acqui_up_0p5,0.000000000,0.500000000,1.381818182,1.000000000,0.076632745,-0.576632745,-0.500000000,0.076632745,0.076632745,11.800000000,11.300000000,11.168102924,10.591470179,1424.000000000,0.625324643,-0.500000000,Moog Actual Tilt [deg],-0.048691898,78.200000000,78.700000000,78.101639002,78.052947104,1755.799243525,1789.129036972,244.841463421,60.042061316,True,free_filled_mask+manual_radius_scale,1751.210335835,2101.791358475,244.841463421,5.877486703,True,completed_disk_centroid_from_arc
2026-06-08T12:21:55,MeinelRoof_20260605_12_51_04.h5,/Volumes/LaCie/Data/2026_06_05/MeinelRoof_20260605_12_51_04.h5,p0,Aquistion_0,calibration_acqui_up_1,0.000000000,1.000000000,1.381818182,1.000000000,0.121899570,-1.121899570,-1.000000000,0.121899570,0.121899570,11.800000000,10.800000000,11.168102924,10.046203354,1424.000000000,1.219685739,-1.000000000,Moog Actual Tilt [deg],-0.097786169,78.200000000,79.200000000,78.101639002,78.003852833,1755.799243525,1789.129036972,244.841463421,60.042061316,True,free_filled_mask+manual_radius_scale,1744.766503647,2398.971906674,244.841463421,3.291493962,True,completed_disk_centroid_from_arc
2026-06-08T12:21:56,MeinelRoof_20260605_12_51_04.h5,/Volumes/LaCie/Data/2026_06_05/MeinelRoof_20260605_12_51_04.h5,p0,Aquistion_0,calibration_acqui_up_1p5,0.000000000,1.500000000,1.381818182,1.000000000,0.236177906,-1.736177906,-1.500000000,0.236177906,0.236177906,11.800000000,10.300000000,11.168102924,9.431925018,1424.000000000,1.885616522,-1.500000000,Moog Actual Tilt [deg],-0.149438617,78.200000000,79.700000000,78.101639002,77.952200385,1755.799243525,1789.129036972,244.841463421,60.042061316,True,free_filled_mask+manual_radius_scale,1741.016719952,2731.937298221,244.841463421,7.013952219,True,completed_disk_centroid_from_arc
2026-06-08T12:21:56,MeinelRoof_20260605_12_57_14.h5,/Volumes/LaCie/Data/2026_06_05/MeinelRoof_20260605_12_57_14.h5,p0,Aquistion_0,calibration_acqui_down_1p5,0.000000000,-1.500000000,1.381818182,1.000000000,-0.108773367,1.608773367,1.500000000,-0.108773367,0.108773367,12.600000000,14.100000000,12.014905782,13.623679149,1424.000000000,-1.467107212,1.500000000,Moog Actual Tilt [deg],-0.141666156,77.400000000,75.900000000,77.208130471,77.066464316,1766.144831233,1812.481873490,245.591653860,60.219246624,True,free_filled_mask+manual_radius_scale,1803.918168972,1078.928267633,245.591653860,5.004190503,True,completed_disk_centroid_from_arc
2026-06-08T12:21:57,MeinelRoof_20260605_12_57_14.h5,/Volumes/LaCie/Data/2026_06_05/MeinelRoof_20260605_12_57_14.h5,p0,Aquistion_0,calibration_acqui_down_1,0.000000000,-1.000000000,1.381818182,1.000000000,0.062179215,0.937820785,1.000000000,0.062179215,0.062179215,12.600000000,13.600000000,12.014905782,12.952726567,1424.000000000,-0.854036878,1.000000000,Moog Actual Tilt [deg],-0.083783907,77.400000000,76.400000000,77.208130471,77.124346564,1766.144831233,1812.481873490,245.591653860,60.219246624,True,free_filled_mask+manual_radius_scale,1778.733159391,1385.463434444,245.591653860,5.901515361,True,completed_disk_centroid_from_arc
2026-06-08T12:21:57,MeinelRoof_20260605_12_57_14.h5,/Volumes/LaCie/Data/2026_06_05/MeinelRoof_20260605_12_57_14.h5,p0,Aquistion_0,calibration_acqui_down_0p5,0.000000000,-0.500000000,1.381818182,1.000000000,0.051630428,0.448369572,0.500000000,0.051630428,0.051630428,12.600000000,13.100000000,12.014905782,12.463275354,1424.000000000,-0.419728302,0.500000000,Moog Actual Tilt [deg],-0.028641270,77.400000000,76.900000000,77.208130471,77.179489201,1766.144831233,1812.481873490,245.591653860,60.219246624,True,free_filled_mask+manual_radius_scale,1789.272430910,1602.617722525,245.591653860,7.064574476,True,completed_disk_centroid_from_arc
2026-06-08T12:21:58,MeinelRoof_20260605_12_57_14.h5,/Volumes/LaCie/Data/2026_06_05/MeinelRoof_20260605_12_57_14.h5,p0,Aquistion_0,calibration_acqui_up_0p5,0.000000000,0.500000000,1.381818182,1.000000000,0.070878742,-0.570878742,-0.500000000,0.070878742,0.070878742,12.600000000,12.100000000,12.014905782,11.444027040,1424.000000000,0.625852272,-0.500000000,Moog Actual Tilt [deg],-0.054973530,77.400000000,77.900000000,77.208130471,77.153156941,1766.144831233,1812.481873490,245.591653860,60.219246624,True,free_filled_mask+manual_radius_scale,1775.927413197,2125.408009646,245.591653860,4.883591356,True,completed_disk_centroid_from_arc
2026-06-08T12:21:59,MeinelRoof_20260605_12_57_14.h5,/Volumes/LaCie/Data/2026_06_05/MeinelRoof_20260605_12_57_14.h5,p0,Aquistion_0,calibration_acqui_up_1,0.000000000,1.000000000,1.381818182,1.000000000,0.145160766,-1.145160766,-1.000000000,0.145160766,0.145160766,12.600000000,11.600000000,12.014905782,10.869745016,1424.000000000,1.257842412,-1.000000000,Moog Actual Tilt [deg],-0.112681646,77.400000000,78.400000000,77.208130471,77.095448826,1766.144831233,1812.481873490,245.591653860,60.219246624,True,free_filled_mask+manual_radius_scale,1770.719667222,2441.403079293,245.591653860,3.195917552,True,completed_disk_centroid_from_arc
2026-06-08T12:21:59,MeinelRoof_20260605_12_57_14.h5,/Volumes/LaCie/Data/2026_06_05/MeinelRoof_20260605_12_57_14.h5,p0,Aquistion_0,calibration_acqui_up_1p5,0.000000000,1.500000000,1.381818182,1.000000000,0.258967057,-1.758967057,-1.500000000,0.258967057,0.258967057,12.600000000,11.100000000,12.014905782,10.255938725,1424.000000000,1.929703907,-1.500000000,Moog Actual Tilt [deg],-0.170736850,77.400000000,78.900000000,77.208130471,77.037393621,1766.144831233,1812.481873490,245.591653860,60.219246624,True,free_filled_mask+manual_radius_scale,1779.989554393,2777.333827125,245.591653860,7.655413072,True,completed_disk_centroid_from_arc
2026-06-08T12:22:00,MeinelRoof_20260605_13_00_32.h5,/Volumes/LaCie/Data/2026_06_05/MeinelRoof_20260605_13_00_32.h5,p0,Aquistion_0,calibration_acqui_down_1p5,0.000000000,-1.500000000,1.381818182,1.000000000,-0.115185630,1.615185630,1.500000000,-0.115185630,0.115185630,13.000000000,14.500000000,12.376832857,13.992018487,1424.000000000,-1.471917542,1.500000000,Moog Actual Tilt [deg],-0.143268088,77.000000000,75.500000000,76.729590732,76.586322644,1790.089826823,1870.788205314,245.357217497,60.154658186,True,free_filled_mask+manual_radius_scale,1814.070400260,1134.829434481,245.357217497,5.234826814,True,completed_disk_centroid_from_arc
2026-06-08T12:22:00,MeinelRoof_20260605_13_00_32.h5,/Volumes/LaCie/Data/2026_06_05/MeinelRoof_20260605_13_00_32.h5,p0,Aquistion_0,calibration_acqui_down_1,0.000000000,-1.000000000,1.381818182,1.000000000,-0.083543590,0.983543590,0.900000000,-0.083543590,0.083543590,13.000000000,13.900000000,12.376832857,13.360376447,1424.000000000,-0.898298219,0.900000000,Moog Actual Tilt [deg],-0.085245371,77.000000000,76.100000000,76.729590732,76.644345362,1790.089826823,1870.788205314,245.357217497,60.154658186,True,free_filled_mask+manual_radius_scale,1800.267574740,1421.639095876,245.357217497,6.629895686,True,completed_disk_centroid_from_arc
2026-06-08T12:22:01,MeinelRoof_20260605_13_00_32.h5,/Volumes/LaCie/Data/2026_06_05/MeinelRoof_20260605_13_00_32.h5,p0,Aquistion_0,calibration_acqui_down_0p5,0.000000000,-0.500000000,1.381818182,1.000000000,0.072118882,0.427881118,0.500000000,0.072118882,0.072118882,13.000000000,13.500000000,12.376832857,12.804713975,1424.000000000,-0.400371180,0.500000000,Moog Actual Tilt [deg],-0.027509938,77.000000000,76.500000000,76.729590732,76.702080794,1790.089826823,1870.788205314,245.357217497,60.154658186,True,free_filled_mask+manual_radius_scale,1789.819121222,1670.602615444,245.357217497,7.522298275,True,completed_disk_centroid_from_arc
2026-06-08T12:22:02,MeinelRoof_20260605_13_00_32.h5,/Volumes/LaCie/Data/2026_06_05/MeinelRoof_20260605_13_00_32.h5,p0,Aquistion_0,calibration_acqui_up_0p5,0.000000000,0.500000000,1.381818182,1.000000000,0.026586024,-0.526586024,-0.500000000,0.026586024,0.026586024,13.000000000,12.500000000,12.376832857,11.850246833,1424.000000000,0.581672479,-0.500000000,Moog Actual Tilt [deg],-0.055086455,77.000000000,77.500000000,76.729590732,76.674504278,1790.089826823,1870.788205314,245.357217497,60.154658186,True,free_filled_mask+manual_radius_scale,1800.236892796,2161.624444803,245.357217497,4.743665011,True,completed_disk_centroid_from_arc
2026-06-08T12:22:02,MeinelRoof_20260605_13_00_32.h5,/Volumes/LaCie/Data/2026_06_05/MeinelRoof_20260605_13_00_32.h5,p0,Aquistion_0,calibration_acqui_up_1,0.000000000,1.000000000,1.381818182,1.000000000,0.119580052,-1.119580052,-1.000000000,0.119580052,0.119580052,13.000000000,12.000000000,12.376832857,11.257252805,1424.000000000,1.232539806,-1.000000000,Moog Actual Tilt [deg],-0.112959755,77.000000000,78.000000000,76.729590732,76.616630978,1790.089826823,1870.788205314,245.357217497,60.154658186,True,free_filled_mask+manual_radius_scale,1789.908543380,2487.058108533,245.357217497,3.313684684,True,completed_disk_centroid_from_arc
2026-06-08T12:22:03,MeinelRoof_20260605_13_00_32.h5,/Volumes/LaCie/Data/2026_06_05/MeinelRoof_20260605_13_00_32.h5,p0,Aquistion_0,calibration_acqui_up_1p5,0.000000000,1.500000000,1.381818182,1.000000000,0.215314478,-1.715314478,-1.500000000,0.215314478,0.215314478,13.000000000,11.500000000,12.376832857,10.661518379,1424.000000000,1.886433020,-1.500000000,Moog Actual Tilt [deg],-0.171118541,77.000000000,78.500000000,76.729590732,76.558472191,1790.089826823,1870.788205314,245.357217497,60.154658186,True,free_filled_mask+manual_radius_scale,1791.503877975,2814.004715175,245.357217497,7.061076868,True,completed_disk_centroid_from_arc
2026-06-08T12:22:03,MeinelRoof_20260605_13_03_45.h5,/Volumes/LaCie/Data/2026_06_05/MeinelRoof_20260605_13_03_45.h5,p0,Aquistion_0,calibration_acqui_down_1p5,0.000000000,-1.500000000,1.381818182,1.000000000,-0.035666748,1.635666748,1.600000000,-0.035666748,0.035666748,13.400000000,15.000000000,12.783647420,14.419314168,1424.000000000,-1.489323393,1.600000000,Moog Actual Tilt [deg],-0.146343355,76.600000000,75.000000000,76.234959772,76.088616417,1805.648719715,1914.696403737,244.619644838,59.964335171,True,free_filled_mask+manual_radius_scale,1833.993727236,1170.034707412,244.619644838,5.090818189,True,completed_disk_centroid_from_arc
2026-06-08T12:22:04,MeinelRoof_20260605_13_03_45.h5,/Volumes/LaCie/Data/2026_06_05/MeinelRoof_20260605_13_03_45.h5,p0,Aquistion_0,calibration_acqui_down_1,0.000000000,-1.000000000,1.381818182,1.000000000,-0.066748030,1.166748030,1.100000000,-0.066748030,0.066748030,13.400000000,14.500000000,12.783647420,13.950395450,1424.000000000,-1.078078902,1.100000000,Moog Actual Tilt [deg],-0.088669127,76.600000000,75.500000000,76.234959772,76.146290645,1805.648719715,1914.696403737,244.619644838,59.964335171,True,free_filled_mask+manual_radius_scale,1802.836070114,1375.656952589,244.619644838,6.176020885,True,completed_disk_centroid_from_arc
2026-06-08T12:22:05,MeinelRoof_20260605_13_03_45.h5,/Volumes/LaCie/Data/2026_06_05/MeinelRoof_20260605_13_03_45.h5,p0,Aquistion_0,calibration_acqui_down_0p5,0.000000000,-0.500000000,1.381818182,1.000000000,-0.056441068,0.656441068,0.600000000,-0.056441068,0.056441068,13.400000000,14.000000000,12.783647420,13.440088489,1424.000000000,-0.627816153,0.600000000,Moog Actual Tilt [deg],-0.028624915,76.600000000,76.000000000,76.234959772,76.206334857,1805.648719715,1914.696403737,244.619644838,59.964335171,True,free_filled_mask+manual_radius_scale,1801.200506028,1600.788326997,244.619644838,7.475372592,True,completed_disk_centroid_from_arc
2026-06-08T12:22:05,MeinelRoof_20260605_13_03_45.h5,/Volumes/LaCie/Data/2026_06_05/MeinelRoof_20260605_13_03_45.h5,p0,Aquistion_0,calibration_acqui_up_0p5,0.000000000,0.500000000,1.381818182,1.000000000,0.120970912,-0.420970912,-0.300000000,0.120970912,0.120970912,13.400000000,13.100000000,12.783647420,12.362676508,1424.000000000,0.478280332,-0.300000000,Moog Actual Tilt [deg],-0.057309419,76.600000000,76.900000000,76.234959772,76.177650353,1805.648719715,1914.696403737,244.619644838,59.964335171,True,free_filled_mask+manual_radius_scale,1812.673253839,2153.836569563,244.619644838,4.857720898,True,completed_disk_centroid_from_arc
2026-06-08T12:22:06,MeinelRoof_20260605_13_03_45.h5,/Volumes/LaCie/Data/2026_06_05/MeinelRoof_20260605_13_03_45.h5,p0,Aquistion_0,calibration_acqui_up_1,0.000000000,1.000000000,1.381818182,1.000000000,0.086211148,-0.986211148,-0.900000000,0.086211148,0.086211148,13.400000000,12.500000000,12.783647420,11.797436272,1424.000000000,1.103688169,-0.900000000,Moog Actual Tilt [deg],-0.117477021,76.600000000,77.500000000,76.234959772,76.117482751,1805.648719715,1914.696403737,244.619644838,59.964335171,True,free_filled_mask+manual_radius_scale,1799.895440983,2466.540488296,244.619644838,3.241439460,True,completed_disk_centroid_from_arc
2026-06-08T12:22:06,MeinelRoof_20260605_13_03_45.h5,/Volumes/LaCie/Data/2026_06_05/MeinelRoof_20260605_13_03_45.h5,p0,Aquistion_0,calibration_acqui_up_1p5,0.000000000,1.500000000,1.381818182,1.000000000,0.235008769,-1.635008769,-1.400000000,0.235008769,0.235008769,13.400000000,12.000000000,12.783647420,11.148638651,1424.000000000,1.812908890,-1.400000000,Moog Actual Tilt [deg],-0.177900121,76.600000000,78.000000000,76.234959772,76.057059651,1805.648719715,1914.696403737,244.619644838,59.964335171,True,free_filled_mask+manual_radius_scale,1799.000589366,2821.150848644,244.619644838,7.117645708,True,completed_disk_centroid_from_arc
2026-06-08T12:22:07,MeinelRoof_20260605_13_06_59.h5,/Volumes/LaCie/Data/2026_06_05/MeinelRoof_20260605_13_06_59.h5,p0,Aquistion_0,calibration_acqui_down_1p5,0.000000000,-1.500000000,1.381818182,1.000000000,-0.052316188,1.552316188,1.500000000,-0.052316188,0.052316188,14.000000000,15.500000000,13.303650632,14.855966820,1424.000000000,-1.400957980,1.500000000,Moog Actual Tilt [deg],-0.151358208,76.000000000,74.500000000,75.721658158,75.570299950,1819.176359254,1911.345605122,244.146400883,59.855749233,True,free_filled_mask+manual_radius_scale,1840.462593109,1210.866614938,244.146400883,6.039299163,True,completed_disk_centroid_from_arc
2026-06-08T12:22:08,MeinelRoof_20260605_13_06_59.h5,/Volumes/LaCie/Data/2026_06_05/MeinelRoof_20260605_13_06_59.h5,p0,Aquistion_0,calibration_acqui_down_1,0.000000000,-1.000000000,1.381818182,1.000000000,-0.098159020,1.098159020,1.000000000,-0.098159020,0.098159020,14.000000000,15.000000000,13.303650632,14.401809652,1424.000000000,-1.006426004,1.000000000,Moog Actual Tilt [deg],-0.091733015,76.000000000,75.000000000,75.721658158,75.629925143,1819.176359254,1911.345605122,244.146400883,59.855749233,True,free_filled_mask+manual_radius_scale,1832.260260798,1408.132602892,244.146400883,7.127273366,True,completed_disk_centroid_from_arc
2026-06-08T12:22:08,MeinelRoof_20260605_13_06_59.h5,/Volumes/LaCie/Data/2026_06_05/MeinelRoof_20260605_13_06_59.h5,p0,Aquistion_0,calibration_acqui_down_0p5,0.000000000,-0.500000000,1.381818182,1.000000000,-0.112350854,0.612350854,0.500000000,-0.112350854,0.112350854,14.000000000,14.500000000,13.303650632,13.916001486,1424.000000000,-0.582728146,0.500000000,Moog Actual Tilt [deg],-0.029622708,76.000000000,75.500000000,75.721658158,75.692035450,1819.176359254,1911.345605122,244.146400883,59.855749233,True,free_filled_mask+manual_radius_scale,1831.334905216,1619.981532021,244.146400883,7.416972566,True,completed_disk_centroid_from_arc
2026-06-08T12:22:09,MeinelRoof_20260605_13_06_59.h5,/Volumes/LaCie/Data/2026_06_05/MeinelRoof_20260605_13_06_59.h5,p0,Aquistion_0,calibration_acqui_up_0p5,0.000000000,0.500000000,1.381818182,1.000000000,0.042020798,-0.542020798,-0.500000000,0.042020798,0.042020798,14.000000000,13.500000000,13.303650632,12.761629833,1424.000000000,0.601319539,-0.500000000,Moog Actual Tilt [deg],-0.059298740,76.000000000,76.500000000,75.721658158,75.662359418,1819.176359254,1911.345605122,244.146400883,59.855749233,True,free_filled_mask+manual_radius_scale,1828.916219519,2212.005374377,244.146400883,4.218640113,True,completed_disk_centroid_from_arc
2026-06-08T12:22:09,MeinelRoof_20260605_13_06_59.h5,/Volumes/LaCie/Data/2026_06_05/MeinelRoof_20260605_13_06_59.h5,p0,Aquistion_0,calibration_acqui_up_1,0.000000000,1.000000000,1.381818182,1.000000000,0.096699671,-0.996699671,-0.900000000,0.096699671,0.096699671,14.000000000,13.100000000,13.303650632,12.306950961,1424.000000000,1.118219134,-0.900000000,Moog Actual Tilt [deg],-0.121519463,76.000000000,76.900000000,75.721658158,75.600138695,1819.176359254,1911.345605122,244.146400883,59.855749233,True,free_filled_mask+manual_radius_scale,1809.750390648,2470.455172082,244.146400883,2.909373998,True,completed_disk_centroid_from_arc
2026-06-08T12:22:10,MeinelRoof_20260605_13_06_59.h5,/Volumes/LaCie/Data/2026_06_05/MeinelRoof_20260605_13_06_59.h5,p0,Aquistion_0,calibration_acqui_up_1p5,0.000000000,1.500000000,1.381818182,1.000000000,0.115525638,-1.615525638,-1.500000000,0.115525638,0.115525638,14.000000000,12.500000000,13.303650632,11.688124994,1424.000000000,1.799494462,-1.500000000,Moog Actual Tilt [deg],-0.183968824,76.000000000,77.500000000,75.721658158,75.537689334,1819.176359254,1911.345605122,244.146400883,59.855749233,True,free_filled_mask+manual_radius_scale,1818.719555855,2811.092836014,244.146400883,7.285590275,True,completed_disk_centroid_from_arc
2026-06-08T12:22:11,MeinelRoof_20260605_13_10_13.h5,/Volumes/LaCie/Data/2026_06_05/MeinelRoof_20260605_13_10_13.h5,p0,Aquistion_0,calibration_acqui_down_1p5,0.000000000,-1.500000000,1.381818182,1.000000000,0.215158480,1.284841520,1.500000000,0.215158480,0.215158480,14.500000000,16.000000000,13.883945729,15.168787249,1424.000000000,-1.120017389,1.500000000,Moog Actual Tilt [deg],-0.164824131,75.500000000,74.000000000,75.119443610,74.954619479,1840.302002899,1922.305330260,245.825387178,60.265335893,True,free_filled_mask+manual_radius_scale,1873.254877863,1362.296636000,245.825387178,6.596427886,True,completed_disk_centroid_from_arc
2026-06-08T12:22:11,MeinelRoof_20260605_13_10_13.h5,/Volumes/LaCie/Data/2026_06_05/MeinelRoof_20260605_13_10_13.h5,p0,Aquistion_0,calibration_acqui_down_1,0.000000000,-1.000000000,1.381818182,1.000000000,0.148562372,0.951437628,1.100000000,0.148562372,0.148562372,14.500000000,15.600000000,13.883945729,14.835383358,1424.000000000,-0.853821975,1.100000000,Moog Actual Tilt [deg],-0.097615653,75.500000000,74.400000000,75.119443610,75.021827957,1840.302002899,1922.305330260,245.825387178,60.265335893,True,free_filled_mask+manual_radius_scale,1860.802145046,1495.394342607,245.825387178,7.478385843,True,completed_disk_centroid_from_arc
2026-06-08T12:22:12,MeinelRoof_20260605_13_10_13.h5,/Volumes/LaCie/Data/2026_06_05/MeinelRoof_20260605_13_10_13.h5,p0,Aquistion_0,calibration_acqui_down_0p5,0.000000000,-0.500000000,1.381818182,1.000000000,0.004526073,0.495473927,0.500000000,0.004526073,0.004526073,14.500000000,15.000000000,13.883945729,14.379419656,1424.000000000,-0.462059199,0.500000000,Moog Actual Tilt [deg],-0.033414727,75.500000000,75.000000000,75.119443610,75.086028883,1840.302002899,1922.305330260,245.825387178,60.265335893,True,free_filled_mask+manual_radius_scale,1849.258542544,1691.275730574,245.825387178,8.253914755,True,completed_disk_centroid_from_arc
2026-06-08T12:22:13,MeinelRoof_20260605_13_10_13.h5,/Volumes/LaCie/Data/2026_06_05/MeinelRoof_20260605_13_10_13.h5,p0,Aquistion_0,calibration_acqui_up_0p5,0.000000000,0.500000000,1.381818182,1.000000000,0.045385094,-0.545385094,-0.500000000,0.045385094,0.045385094,14.500000000,14.000000000,13.883945729,13.338560635,1424.000000000,0.612270488,-0.500000000,Moog Actual Tilt [deg],-0.066885393,75.500000000,76.000000000,75.119443610,75.052558217,1840.302002899,1922.305330260,245.825387178,60.265335893,True,free_filled_mask+manual_radius_scale,1851.535372332,2228.440574045,245.825387178,3.838805997,True,completed_disk_centroid_from_arc
2026-06-08T12:22:13,MeinelRoof_20260605_13_10_13.h5,/Volumes/LaCie/Data/2026_06_05/MeinelRoof_20260605_13_10_13.h5,p0,Aquistion_0,calibration_acqui_up_1,0.000000000,1.000000000,1.381818182,1.000000000,0.113710069,-1.213710069,-1.100000000,0.113710069,0.113710069,14.500000000,13.400000000,13.883945729,12.670235661,1424.000000000,1.344902542,-1.100000000,Moog Actual Tilt [deg],-0.131192474,75.500000000,76.600000000,75.119443610,74.988251136,1840.302002899,1922.305330260,245.825387178,60.265335893,True,free_filled_mask+manual_radius_scale,1864.809840532,2594.756601323,245.825387178,6.545563173,True,completed_disk_centroid_from_arc
2026-06-08T12:22:14,MeinelRoof_20260605_13_10_13.h5,/Volumes/LaCie/Data/2026_06_05/MeinelRoof_20260605_13_10_13.h5,p0,Aquistion_0,calibration_acqui_up_1p5,0.000000000,1.500000000,1.381818182,1.000000000,0.157296401,-1.757296401,-1.600000000,0.157296401,0.157296401,14.500000000,12.900000000,13.883945729,12.126649329,1424.000000000,1.955806653,-1.600000000,Moog Actual Tilt [deg],-0.198510253,75.500000000,77.100000000,75.119443610,74.920933357,1840.302002899,1922.305330260,245.825387178,60.265335893,True,free_filled_mask+manual_radius_scale,1845.851470849,2900.208656988,245.825387178,7.095406598,True,completed_disk_centroid_from_arc
2026-06-08T12:22:14,MeinelRoof_20260605_13_13_56.h5,/Volumes/LaCie/Data/2026_06_05/MeinelRoof_20260605_13_13_56.h5,p0,Aquistion_0,calibration_acqui_down_1p5,0.000000000,-1.500000000,1.381818182,1.000000000,-0.022061638,1.422061638,1.400000000,-0.022061638,0.022061638,15.200000000,16.600000000,14.532503361,15.954564999,1424.000000000,-1.252463639,1.400000000,Moog Actual Tilt [deg],-0.169597999,74.800000000,73.400000000,74.486817204,74.317219205,1910.184890528,1914.339717554,244.937617303,60.045307385,True,free_filled_mask+manual_radius_scale,1928.642791068,1288.107897958,244.937617303,5.981578369,True,completed_disk_centroid_from_arc
2026-06-08T12:22:15,MeinelRoof_20260605_13_13_56.h5,/Volumes/LaCie/Data/2026_06_05/MeinelRoof_20260605_13_13_56.h5,p0,Aquistion_0,calibration_acqui_down_1,0.000000000,-1.000000000,1.381818182,1.000000000,0.000505433,0.999494567,1.000000000,0.000505433,0.000505433,15.200000000,16.200000000,14.532503361,15.531997927,1424.000000000,-0.899027750,1.000000000,Moog Actual Tilt [deg],-0.100466816,74.800000000,73.800000000,74.486817204,74.386350388,1910.184890528,1914.339717554,244.937617303,60.045307385,True,free_filled_mask+manual_radius_scale,1924.476676492,1464.825842394,244.937617303,7.593197011,True,completed_disk_centroid_from_arc
2026-06-08T12:22:15,MeinelRoof_20260605_13_13_56.h5,/Volumes/LaCie/Data/2026_06_05/MeinelRoof_20260605_13_13_56.h5,p0,Aquistion_0,calibration_acqui_down_0p5,0.000000000,-0.500000000,1.381818182,1.000000000,-0.022615981,0.522615981,0.500000000,-0.022615981,0.022615981,15.200000000,15.700000000,14.532503361,15.055119342,1424.000000000,-0.488217340,0.500000000,Moog Actual Tilt [deg],-0.034398641,74.800000000,74.300000000,74.486817204,74.452418563,1910.184890528,1914.339717554,244.937617303,60.045307385,True,free_filled_mask+manual_radius_scale,1914.091560236,1670.231047582,244.937617303,8.137098776,True,completed_disk_centroid_from_arc
2026-06-08T12:22:16,MeinelRoof_20260605_13_13_56.h5,/Volumes/LaCie/Data/2026_06_05/MeinelRoof_20260605_13_13_56.h5,p0,Aquistion_0,calibration_acqui_up_0p5,0.000000000,0.500000000,1.381818182,1.000000000,0.075488036,-0.575488036,-0.500000000,0.075488036,0.075488036,15.200000000,14.700000000,14.532503361,13.957015324,1424.000000000,0.644334593,-0.500000000,Moog Actual Tilt [deg],-0.068846557,74.800000000,75.300000000,74.486817204,74.417970647,1910.184890528,1914.339717554,244.937617303,60.045307385,True,free_filled_mask+manual_radius_scale,1897.431753976,2236.507014125,244.937617303,3.820790611,True,completed_disk_centroid_from_arc
2026-06-08T12:22:17,MeinelRoof_20260605_13_13_56.h5,/Volumes/LaCie/Data/2026_06_05/MeinelRoof_20260605_13_13_56.h5,p0,Aquistion_0,calibration_acqui_up_1,0.000000000,1.000000000,1.381818182,1.000000000,0.017697037,-1.017697037,-1.000000000,0.017697037,0.017697037,15.200000000,14.200000000,14.532503361,13.514806324,1424.000000000,1.152705288,-1.000000000,Moog Actual Tilt [deg],-0.135008251,74.800000000,75.800000000,74.486817204,74.351808953,1910.184890528,1914.339717554,244.937617303,60.045307385,True,free_filled_mask+manual_radius_scale,1914.791545810,2490.692361506,244.937617303,3.822954189,True,completed_disk_centroid_from_arc
2026-06-08T12:22:17,MeinelRoof_20260605_13_13_56.h5,/Volumes/LaCie/Data/2026_06_05/MeinelRoof_20260605_13_13_56.h5,p0,Aquistion_0,calibration_acqui_up_1p5,0.000000000,1.500000000,1.381818182,1.000000000,0.259734291,-1.859734291,-1.600000000,0.259734291,0.259734291,15.200000000,13.600000000,14.532503361,12.672769070,1424.000000000,2.063970027,-1.600000000,Moog Actual Tilt [deg],-0.204235737,74.800000000,76.400000000,74.486817204,74.282581467,1910.184890528,1914.339717554,244.937617303,60.045307385,True,free_filled_mask+manual_radius_scale,1897.624552812,2946.324731185,244.937617303,6.412958216,True,completed_disk_centroid_from_arc
2026-06-08T12:22:18,MeinelRoof_20260605_13_17_40.h5,/Volumes/LaCie/Data/2026_06_05/MeinelRoof_20260605_13_17_40.h5,p0,Aquistion_0,calibration_acqui_down_1p5,0.000000000,-1.500000000,1.381818182,1.000000000,-0.075255646,1.375255646,1.300000000,-0.075255646,0.075255646,15.900000000,17.200000000,15.148240544,16.523496191,1424.000000000,-1.204386261,1.300000000,Moog Actual Tilt [deg],-0.170869385,74.100000000,72.800000000,73.833942555,73.663073170,1901.451299907,1932.908450139,242.960689891,59.556628415,True,free_filled_mask+manual_radius_scale,1913.675707241,1330.715319629,242.960689891,6.116405403,True,completed_disk_centroid_from_arc
2026-06-08T12:22:18,MeinelRoof_20260605_13_17_40.h5,/Volumes/LaCie/Data/2026_06_05/MeinelRoof_20260605_13_17_40.h5,p0,Aquistion_0,calibration_acqui_down_1,0.000000000,-1.000000000,1.381818182,1.000000000,0.035277297,0.864722703,0.900000000,0.035277297,0.035277297,15.900000000,16.800000000,15.148240544,16.012963247,1424.000000000,-0.764679716,0.900000000,Moog Actual Tilt [deg],-0.100042987,74.100000000,73.200000000,73.833942555,73.733899568,1901.451299907,1932.908450139,242.960689891,59.556628415,True,free_filled_mask+manual_radius_scale,1908.390582309,1550.568592067,242.960689891,7.949134649,True,completed_disk_centroid_from_arc
2026-06-08T12:22:19,MeinelRoof_20260605_13_17_40.h5,/Volumes/LaCie/Data/2026_06_05/MeinelRoof_20260605_13_17_40.h5,p0,Aquistion_0,calibration_acqui_down_0p5,0.000000000,-0.500000000,1.381818182,1.000000000,-0.023522285,0.423522285,0.400000000,-0.023522285,0.023522285,15.900000000,16.300000000,15.148240544,15.571762830,1424.000000000,-0.391193538,0.400000000,Moog Actual Tilt [deg],-0.032328747,74.100000000,73.700000000,73.833942555,73.801613808,1901.451299907,1932.908450139,242.960689891,59.556628415,True,free_filled_mask+manual_radius_scale,1900.724986382,1737.311681199,242.960689891,8.180767716,True,completed_disk_centroid_from_arc
2026-06-08T12:22:20,MeinelRoof_20260605_13_17_40.h5,/Volumes/LaCie/Data/2026_06_05/MeinelRoof_20260605_13_17_40.h5,p0,Aquistion_0,calibration_acqui_up_0p5,0.000000000,0.500000000,1.381818182,1.000000000,-0.016441238,-0.583558762,-0.600000000,-0.016441238,0.016441238,15.900000000,15.300000000,15.148240544,14.564681783,1424.000000000,0.651196883,-0.600000000,Moog Actual Tilt [deg],-0.067638122,74.100000000,74.700000000,73.833942555,73.766304434,1901.451299907,1932.908450139,242.960689891,59.556628415,True,free_filled_mask+manual_radius_scale,1912.263233131,2258.506891748,242.960689891,3.719173805,True,completed_disk_centroid_from_arc
2026-06-08T12:22:20,MeinelRoof_20260605_13_17_40.h5,/Volumes/LaCie/Data/2026_06_05/MeinelRoof_20260605_13_17_40.h5,p0,Aquistion_0,calibration_acqui_up_1,0.000000000,1.000000000,1.381818182,1.000000000,0.059569138,-1.159569138,-1.100000000,0.059569138,0.059569138,15.900000000,14.800000000,15.148240544,13.988671406,1424.000000000,1.295004008,-1.100000000,Moog Actual Tilt [deg],-0.135434870,74.100000000,75.200000000,73.833942555,73.698507685,1901.451299907,1932.908450139,242.960689891,59.556628415,True,free_filled_mask+manual_radius_scale,1912.747248654,2580.410454321,242.960689891,5.705196124,True,completed_disk_centroid_from_arc
2026-06-08T12:22:21,MeinelRoof_20260605_13_17_40.h5,/Volumes/LaCie/Data/2026_06_05/MeinelRoof_20260605_13_17_40.h5,p0,Aquistion_0,calibration_acqui_up_1p5,0.000000000,1.500000000,1.381818182,1.000000000,0.144774006,-1.744774006,-1.600000000,0.144774006,0.144774006,15.900000000,14.300000000,15.148240544,13.403466538,1424.000000000,1.951120256,-1.600000000,Moog Actual Tilt [deg],-0.206346249,74.100000000,75.700000000,73.833942555,73.627596306,1901.451299907,1932.908450139,242.960689891,59.556628415,True,free_filled_mask+manual_radius_scale,1916.011167264,2908.468578023,242.960689891,7.312966116,True,completed_disk_centroid_from_arc
2026-06-08T12:22:21,MeinelRoof_20260605_13_24_14.h5,/Volumes/LaCie/Data/2026_06_05/MeinelRoof_20260605_13_24_14.h5,p0,Aquistion_0,calibration_acqui_down_1p5,0.000000000,-1.500000000,1.381818182,1.000000000,0.084234539,1.415765461,1.500000000,0.084234539,0.084234539,17.000000000,18.500000000,16.229910357,17.645675818,1424.000000000,-1.232279323,1.500000000,Moog Actual Tilt [deg],-0.183486137,73.000000000,71.500000000,72.578493121,72.395006983,1955.170619420,2019.798261177,241.596626312,59.193400988,True,free_filled_mask+manual_radius_scale,1958.233666086,1403.658599604,241.596626312,8.499109809,True,completed_disk_centroid_from_arc
2026-06-08T12:22:22,MeinelRoof_20260605_13_24_14.h5,/Volumes/LaCie/Data/2026_06_05/MeinelRoof_20260605_13_24_14.h5,p0,Aquistion_0,calibration_acqui_down_1,0.000000000,-1.000000000,1.381818182,1.000000000,0.006217388,0.893782612,0.900000000,0.006217388,0.006217388,17.000000000,17.900000000,16.229910357,17.123692969,1424.000000000,-0.783793414,0.900000000,Moog Actual Tilt [deg],-0.109989198,73.000000000,72.100000000,72.578493121,72.468503923,1955.170619420,2019.798261177,241.596626312,59.193400988,True,free_filled_mask+manual_radius_scale,1967.582992619,1627.901554083,241.596626312,9.038699431,True,completed_disk_centroid_from_arc
2026-06-08T12:22:22,MeinelRoof_20260605_13_24_14.h5,/Volumes/LaCie/Data/2026_06_05/MeinelRoof_20260605_13_24_14.h5,p0,Aquistion_0,calibration_acqui_down_0p5,0.000000000,-0.500000000,1.381818182,1.000000000,-0.000460491,0.500460491,0.500000000,-0.000460491,0.000460491,17.000000000,17.500000000,16.229910357,16.730370848,1424.000000000,-0.463831882,0.500000000,Moog Actual Tilt [deg],-0.036628609,73.000000000,72.500000000,72.578493121,72.541864512,1955.170619420,2019.798261177,241.596626312,59.193400988,True,free_filled_mask+manual_radius_scale,1960.860583320,1787.882320294,241.596626312,8.689475138,True,completed_disk_centroid_from_arc
2026-06-08T12:22:23,MeinelRoof_20260605_13_24_14.h5,/Volumes/LaCie/Data/2026_06_05/MeinelRoof_20260605_13_24_14.h5,p0,Aquistion_0,calibration_acqui_up_0p5,0.000000000,0.500000000,1.381818182,1.000000000,-0.021710337,-0.478289663,-0.500000000,-0.021710337,0.021710337,17.000000000,16.500000000,16.229910357,15.751620694,1424.000000000,0.551581412,-0.500000000,Moog Actual Tilt [deg],-0.073291749,73.000000000,73.500000000,72.578493121,72.505201372,1955.170619420,2019.798261177,241.596626312,59.193400988,True,free_filled_mask+manual_radius_scale,1949.006676827,2295.588967163,241.596626312,3.655743965,True,completed_disk_centroid_from_arc
2026-06-08T12:22:24,MeinelRoof_20260605_13_24_14.h5,/Volumes/LaCie/Data/2026_06_05/MeinelRoof_20260605_13_24_14.h5,p0,Aquistion_0,calibration_acqui_up_1,0.000000000,1.000000000,1.381818182,1.000000000,0.254553615,-1.254553615,-1.000000000,0.254553615,0.254553615,17.000000000,16.000000000,16.229910357,14.975356742,1424.000000000,1.401274349,-1.000000000,Moog Actual Tilt [deg],-0.146720734,73.000000000,74.000000000,72.578493121,72.431772387,1955.170619420,2019.798261177,241.596626312,59.193400988,True,free_filled_mask+manual_radius_scale,1950.220786481,2720.435435529,241.596626312,9.096461392,True,completed_disk_centroid_from_arc
2026-06-08T12:22:24,MeinelRoof_20260605_13_24_14.h5,/Volumes/LaCie/Data/2026_06_05/MeinelRoof_20260605_13_24_14.h5,p0,Aquistion_0,calibration_acqui_up_1p5,0.000000000,1.500000000,1.381818182,1.000000000,0.186769341,-1.686769341,-1.500000000,0.186769341,0.186769341,17.000000000,15.500000000,16.229910357,14.543141016,1424.000000000,1.907054532,-1.500000000,Moog Actual Tilt [deg],-0.220285191,73.000000000,74.500000000,72.578493121,72.358207930,1955.170619420,2019.798261177,241.596626312,59.193400988,True,free_filled_mask+manual_radius_scale,1950.406331605,2973.325527135,241.596626312,6.195198449,True,completed_disk_centroid_from_arc
2026-06-08T12:22:25,MeinelRoof_20260605_13_28_25.h5,/Volumes/LaCie/Data/2026_06_05/MeinelRoof_20260605_13_28_25.h5,p0,Aquistion_0,calibration_acqui_down_1,0.000000000,-1.000000000,1.381818182,1.000000000,0.013507813,0.786492187,0.800000000,0.013507813,0.013507813,17.700000000,18.500000000,16.959207959,17.745700146,1424.000000000,-0.674467071,0.800000000,Moog Actual Tilt [deg],-0.112025116,72.300000000,71.500000000,71.799219607,71.687194491,1975.262801138,2044.786217392,241.098306637,59.067001604,True,free_filled_mask+manual_radius_scale,1975.848579086,1707.552681752,241.098306637,9.301606123,True,completed_disk_centroid_from_arc
2026-06-08T12:22:25,MeinelRoof_20260605_13_28_25.h5,/Volumes/LaCie/Data/2026_06_05/MeinelRoof_20260605_13_28_25.h5,p0,Aquistion_0,calibration_acqui_down_1,0.000000000,-1.000000000,1.381818182,1.000000000,0.013507813,0.786492187,0.800000000,0.013507813,0.013507813,17.700000000,18.500000000,16.959207959,17.745700146,1424.000000000,-0.674467071,0.800000000,Moog Actual Tilt [deg],-0.112025116,72.300000000,71.500000000,71.799219607,71.687194491,1975.262801138,2044.786217392,241.098306637,59.067001604,True,free_filled_mask+manual_radius_scale,1975.848579086,1707.552681752,241.098306637,9.301606123,True,completed_disk_centroid_from_arc
2026-06-08T12:22:26,MeinelRoof_20260605_13_28_25.h5,/Volumes/LaCie/Data/2026_06_05/MeinelRoof_20260605_13_28_25.h5,p0,Aquistion_0,calibration_acqui_down_0p5,0.000000000,-0.500000000,1.381818182,1.000000000,-0.009610611,0.509610611,0.500000000,-0.009610611,0.009610611,17.700000000,18.200000000,16.959207959,17.468818570,1424.000000000,-0.472299006,0.500000000,Moog Actual Tilt [deg],-0.037311605,72.300000000,71.800000000,71.799219607,71.761908002,1975.262801138,2044.786217392,241.098306637,59.067001604,True,free_filled_mask+manual_radius_scale,1972.221349464,1808.636714161,241.098306637,8.683145232,True,completed_disk_centroid_from_arc
2026-06-08T12:22:26,MeinelRoof_20260605_13_28_25.h5,/Volumes/LaCie/Data/2026_06_05/MeinelRoof_20260605_13_28_25.h5,p0,Aquistion_0,calibration_acqui_up_0p5,0.000000000,0.500000000,1.381818182,1.000000000,0.057025101,-0.557025101,-0.500000000,0.057025101,0.057025101,17.700000000,17.200000000,16.959207959,16.402182858,1424.000000000,0.631678474,-0.500000000,Moog Actual Tilt [deg],-0.074653374,72.300000000,72.800000000,71.799219607,71.724566233,1975.262801138,2044.786217392,241.098306637,59.067001604,True,free_filled_mask+manual_radius_scale,1955.909414021,2360.625454638,241.098306637,3.230528877,True,completed_disk_centroid_from_arc
2026-06-08T12:22:27,MeinelRoof_20260605_13_28_25.h5,/Volumes/LaCie/Data/2026_06_05/MeinelRoof_20260605_13_28_25.h5,p0,Aquistion_0,calibration_acqui_up_1,0.000000000,1.000000000,1.381818182,1.000000000,0.191455394,-1.391455394,-1.200000000,0.191455394,0.191455394,17.700000000,16.500000000,16.959207959,15.567752564,1424.000000000,1.537764110,-1.200000000,Moog Actual Tilt [deg],-0.146308715,72.300000000,73.500000000,71.799219607,71.652910891,1975.262801138,2044.786217392,241.098306637,59.067001604,True,free_filled_mask+manual_radius_scale,1986.457735487,2813.668272207,241.098306637,9.364192164,True,completed_disk_centroid_from_arc
2026-06-08T12:22:28,MeinelRoof_20260605_13_28_25.h5,/Volumes/LaCie/Data/2026_06_05/MeinelRoof_20260605_13_28_25.h5,p0,Aquistion_0,Aquistion_2,0.000000000,4.000000000,1.381818182,1.000000000,-7.962905540,3.862905540,-4.100000000,-7.962905540,7.962905540,17.700000000,13.600000000,16.959207959,20.822113499,1424.000000000,-3.983957601,-4.100000000,Moog Actual Tilt [deg],0.121052061,72.300000000,76.400000000,71.799219607,71.920271667,1975.262801138,2044.786217392,241.098306637,59.067001604,True,free_filled_mask+manual_radius_scale,757.326570550,52.807417032,241.098306637,238.103063590,False,completed_disk_centroid_from_arc
2026-06-08T12:22:28,MeinelRoof_20260605_13_34_04.h5,/Volumes/LaCie/Data/2026_06_05/MeinelRoof_20260605_13_34_04.h5,p0,Aquistion_0,calibration_acqui_down_1p5,0.000000000,-1.500000000,1.381818182,1.000000000,-0.195173951,1.695173951,1.500000000,-0.195173951,0.195173951,18.700000000,20.200000000,17.910462426,19.605636377,1424.000000000,-1.500980714,1.500000000,Moog Actual Tilt [deg],-0.194193237,71.300000000,69.800000000,70.648422001,70.454228764,1986.553016532,2144.557786329,240.343248956,58.861758960,True,free_filled_mask+manual_radius_scale,1999.419359350,1394.067429465,240.343248956,8.721387415,True,completed_disk_centroid_from_arc
2026-06-08T12:22:29,MeinelRoof_20260605_13_34_04.h5,/Volumes/LaCie/Data/2026_06_05/MeinelRoof_20260605_13_34_04.h5,p0,Aquistion_0,calibration_acqui_down_1,0.000000000,-1.000000000,1.381818182,1.000000000,-0.125548064,1.125548064,1.000000000,-0.125548064,0.125548064,18.700000000,19.700000000,17.910462426,19.036010490,1424.000000000,-1.011019298,1.000000000,Moog Actual Tilt [deg],-0.114528766,71.300000000,70.300000000,70.648422001,70.533893235,1986.553016532,2144.557786329,240.343248956,58.861758960,True,free_filled_mask+manual_radius_scale,1991.234664103,1639.048137323,240.343248956,10.040564329,True,completed_disk_centroid_from_arc
2026-06-08T12:22:29,MeinelRoof_20260605_13_34_04.h5,/Volumes/LaCie/Data/2026_06_05/MeinelRoof_20260605_13_34_04.h5,p0,Aquistion_0,calibration_acqui_down_0p5,0.000000000,-0.500000000,1.381818182,1.000000000,-0.034215328,0.434215328,0.400000000,-0.034215328,0.034215328,18.700000000,19.100000000,17.910462426,18.344677754,1424.000000000,-0.396063945,0.400000000,Moog Actual Tilt [deg],-0.038151383,71.300000000,70.900000000,70.648422001,70.610270618,1986.553016532,2144.557786329,240.343248956,58.861758960,True,free_filled_mask+manual_radius_scale,1991.840368588,1946.525813798,240.343248956,8.437597054,True,completed_disk_centroid_from_arc
2026-06-08T12:22:30,MeinelRoof_20260605_13_34_04.h5,/Volumes/LaCie/Data/2026_06_05/MeinelRoof_20260605_13_34_04.h5,p0,Aquistion_0,calibration_acqui_up_0p5,0.000000000,0.500000000,1.381818182,1.000000000,0.061624093,-0.661624093,-0.600000000,0.061624093,0.061624093,18.700000000,18.100000000,17.910462426,17.248838333,1424.000000000,0.741134261,-0.600000000,Moog Actual Tilt [deg],-0.079510169,71.300000000,71.900000000,70.648422001,70.568911833,1986.553016532,2144.557786329,240.343248956,58.861758960,True,free_filled_mask+manual_radius_scale,1978.532741130,2515.124917015,240.343248956,2.828647122,True,completed_disk_centroid_from_arc
2026-06-08T12:22:30,MeinelRoof_20260605_13_34_04.h5,/Volumes/LaCie/Data/2026_06_05/MeinelRoof_20260605_13_34_04.h5,p0,Aquistion_0,calibration_acqui_up_1,0.000000000,1.000000000,1.381818182,1.000000000,0.115662211,-1.115662211,-1.000000000,0.115662211,0.115662211,18.700000000,17.700000000,17.910462426,16.794800215,1424.000000000,1.271603254,-1.000000000,Moog Actual Tilt [deg],-0.155941043,71.300000000,72.300000000,70.648422001,70.492480959,1986.553016532,2144.557786329,240.343248956,58.861758960,True,free_filled_mask+manual_radius_scale,1973.347922164,2780.359413088,240.343248956,8.764951949,True,completed_disk_centroid_from_arc
2026-06-08T12:22:31,MeinelRoof_20260605_13_34_04.h5,/Volumes/LaCie/Data/2026_06_05/MeinelRoof_20260605_13_34_04.h5,p0,Aquistion_0,calibration_acqui_up_1p5,0.000000000,1.500000000,1.381818182,1.000000000,0.240363699,-1.640363699,-1.400000000,0.240363699,0.240363699,18.700000000,17.300000000,17.910462426,16.270098727,1424.000000000,1.876024236,-1.400000000,Moog Actual Tilt [deg],-0.235660537,71.300000000,72.700000000,70.648422001,70.412761464,1986.553016532,2144.557786329,240.343248956,58.861758960,True,free_filled_mask+manual_radius_scale,1973.808073338,3082.569904344,240.343248956,1.548985529,True,completed_disk_centroid_from_arc
2026-06-08T12:22:32,MeinelRoof_20260605_13_38_46.h5,/Volumes/LaCie/Data/2026_06_05/MeinelRoof_20260605_13_38_46.h5,p0,Aquistion_0,calibration_acqui_down_1p5,0.000000000,-1.500000000,1.381818182,1.000000000,-0.297496449,1.597496449,1.300000000,-0.297496449,0.297496449,19.700000000,21.000000000,18.686285805,20.283782254,1424.000000000,-1.400537796,1.300000000,Moog Actual Tilt [deg],-0.196958653,70.300000000,69.000000000,69.739106998,69.542148345,2007.250536918,2211.303598705,239.656102637,58.686933472,True,free_filled_mask+manual_radius_scale,1993.942014773,1511.034700676,239.656102637,9.990923828,True,completed_disk_centroid_from_arc
2026-06-08T12:22:33,MeinelRoof_20260605_13_38_46.h5,/Volumes/LaCie/Data/2026_06_05/MeinelRoof_20260605_13_38_46.h5,p0,Aquistion_0,calibration_acqui_down_1,0.000000000,-1.000000000,1.381818182,1.000000000,-0.312441644,1.212441644,0.900000000,-0.312441644,0.312441644,19.700000000,20.600000000,18.686285805,19.898727449,1424.000000000,-1.093040757,0.900000000,Moog Actual Tilt [deg],-0.119400887,70.300000000,69.400000000,69.739106998,69.619706111,2007.250536918,2211.303598705,239.656102637,58.686933472,True,free_filled_mask+manual_radius_scale,1999.847294116,1664.783220144,239.656102637,10.690215398,True,completed_disk_centroid_from_arc
2026-06-08T12:22:33,MeinelRoof_20260605_13_38_46.h5,/Volumes/LaCie/Data/2026_06_05/MeinelRoof_20260605_13_38_46.h5,p0,Aquistion_0,calibration_acqui_down_0p5,0.000000000,-0.500000000,1.381818182,1.000000000,-0.310491975,0.810491975,0.500000000,-0.310491975,0.310491975,19.700000000,20.200000000,18.686285805,19.496777780,1424.000000000,-0.771789788,0.500000000,Moog Actual Tilt [deg],-0.038702187,70.300000000,69.800000000,69.739106998,69.700404811,2007.250536918,2211.303598705,239.656102637,58.686933472,True,free_filled_mask+manual_radius_scale,2018.057571400,1825.408704705,239.656102637,9.949249071,True,completed_disk_centroid_from_arc
2026-06-08T12:22:34,MeinelRoof_20260605_13_38_46.h5,/Volumes/LaCie/Data/2026_06_05/MeinelRoof_20260605_13_38_46.h5,p0,Aquistion_0,calibration_acqui_up_0p5,0.000000000,0.500000000,1.381818182,1.000000000,-0.174227945,-0.425772055,-0.600000000,-0.174227945,0.174227945,19.700000000,19.100000000,18.686285805,18.260513749,1424.000000000,0.506425954,-0.600000000,Moog Actual Tilt [deg],-0.080653899,70.300000000,70.900000000,69.739106998,69.658453099,2007.250536918,2211.303598705,239.656102637,58.686933472,True,free_filled_mask+manual_radius_scale,1987.782031390,2464.516575807,239.656102637,2.758729012,True,completed_disk_centroid_from_arc
2026-06-08T12:22:34,MeinelRoof_20260605_13_38_46.h5,/Volumes/LaCie/Data/2026_06_05/MeinelRoof_20260605_13_38_46.h5,p0,Aquistion_0,calibration_acqui_up_1,0.000000000,1.000000000,1.381818182,1.000000000,-0.127995732,-0.972004268,-1.100000000,-0.127995732,0.127995732,19.700000000,18.600000000,18.686285805,17.714281537,1424.000000000,1.130173449,-1.100000000,Moog Actual Tilt [deg],-0.158169181,70.300000000,71.400000000,69.739106998,69.580937817,2007.250536918,2211.303598705,239.656102637,58.686933472,True,free_filled_mask+manual_radius_scale,1993.836056105,2776.390323121,239.656102637,8.935140206,True,completed_disk_centroid_from_arc
2026-06-08T12:22:35,MeinelRoof_20260605_13_38_46.h5,/Volumes/LaCie/Data/2026_06_05/MeinelRoof_20260605_13_38_46.h5,p0,Aquistion_0,calibration_acqui_up_1p5,0.000000000,1.500000000,1.381818182,1.000000000,-1.176372815,-0.523627185,-1.700000000,-1.176372815,1.176372815,19.700000000,18.000000000,18.686285805,18.162658620,1424.000000000,0.785281676,-1.700000000,Moog Actual Tilt [deg],-0.261654491,70.300000000,72.000000000,69.739106998,69.477452507,2007.250536918,2211.303598705,239.656102637,58.686933472,True,free_filled_mask+manual_radius_scale,1901.885455718,2603.944436856,239.656102637,2.291381695,True,completed_disk_centroid_from_arc
2026-06-08T12:22:36,MeinelRoof_20260605_13_43_37.h5,/Volumes/LaCie/Data/2026_06_05/MeinelRoof_20260605_13_43_37.h5,p0,Aquistion_0,calibration_acqui_down_0p5,0.000000000,-0.500000000,1.381818182,1.000000000,0.023798400,0.576201600,0.600000000,0.023798400,0.023798400,20.500000000,21.100000000,19.727645497,20.303847097,1424.000000000,-0.533682263,0.600000000,Moog Actual Tilt [deg],-0.042519336,69.500000000,68.900000000,68.673860599,68.631341263,2065.854742300,2223.246951827,236.637310278,57.943897084,True,free_filled_mask+manual_radius_scale,2078.975731943,1956.405820163,236.637310278,8.353213550,True,completed_disk_centroid_from_arc
2026-06-08T12:22:37,MeinelRoof_20260605_13_43_37.h5,/Volumes/LaCie/Data/2026_06_05/MeinelRoof_20260605_13_43_37.h5,p0,Aquistion_0,calibration_acqui_down_0p5,0.000000000,-0.500000000,1.381818182,1.000000000,0.023798400,0.576201600,0.600000000,0.023798400,0.023798400,20.500000000,21.100000000,19.727645497,20.303847097,1424.000000000,-0.533682263,0.600000000,Moog Actual Tilt [deg],-0.042519336,69.500000000,68.900000000,68.673860599,68.631341263,2065.854742300,2223.246951827,236.637310278,57.943897084,True,free_filled_mask+manual_radius_scale,2078.975731943,1956.405820163,236.637310278,8.353213550,True,completed_disk_centroid_from_arc
2026-06-08T12:22:40,MeinelRoof_20260605_15_28_14.h5,/Volumes/LaCie/Data/2026_06_05/MeinelRoof_20260605_15_28_14.h5,p0,Aquistion_0,calibration_acqui_down_1p5,0.000000000,-1.500000000,1.381818182,1.000000000,-0.093193243,1.793193243,1.700000000,-0.093193243,0.093193243,42.100000000,43.800000000,41.308497403,43.101690646,1424.000000000,-1.620576116,1.700000000,Moog Actual Tilt [deg],-0.172617127,47.900000000,46.200000000,47.826084163,47.653467036,1592.048452064,1856.709216964,238.660198955,58.480373570,True,free_filled_mask+manual_radius_scale,1616.558546276,1046.421159209,238.660198955,4.434599670,True,completed_disk_centroid_from_arc
2026-06-08T12:22:41,MeinelRoof_20260605_15_28_14.h5,/Volumes/LaCie/Data/2026_06_05/MeinelRoof_20260605_15_28_14.h5,p0,Aquistion_0,calibration_acqui_down_1,0.000000000,-1.000000000,1.381818182,1.000000000,0.049622143,1.150377857,1.200000000,0.049622143,0.049622143,42.100000000,43.300000000,41.308497403,42.458875260,1424.000000000,-1.048217593,1.200000000,Moog Actual Tilt [deg],-0.102160265,47.900000000,46.700000000,47.826084163,47.723923899,1592.048452064,1856.709216964,238.660198955,58.480373570,True,free_filled_mask+manual_radius_scale,1623.311988873,1332.600420659,238.660198955,4.303542079,True,completed_disk_centroid_from_arc
2026-06-08T12:22:42,MeinelRoof_20260605_15_28_14.h5,/Volumes/LaCie/Data/2026_06_05/MeinelRoof_20260605_15_28_14.h5,p0,Aquistion_0,calibration_acqui_down_0p5,0.000000000,-0.500000000,1.381818182,1.000000000,-0.037142971,0.537142971,0.500000000,-0.037142971,0.037142971,42.100000000,42.600000000,41.308497403,41.845640374,1424.000000000,-0.498392838,0.500000000,Moog Actual Tilt [deg],-0.038750133,47.900000000,47.400000000,47.826084163,47.787334030,1592.048452064,1856.709216964,238.660198955,58.480373570,True,free_filled_mask+manual_radius_scale,1602.833871045,1607.512797824,238.660198955,5.601692475,True,completed_disk_centroid_from_arc
2026-06-08T12:22:42,MeinelRoof_20260605_15_28_14.h5,/Volumes/LaCie/Data/2026_06_05/MeinelRoof_20260605_15_28_14.h5,p0,Aquistion_0,calibration_acqui_up_0p5,0.000000000,0.500000000,1.381818182,1.000000000,0.258649104,-0.658649104,-0.400000000,0.258649104,0.258649104,42.100000000,41.700000000,41.308497403,40.649848299,1424.000000000,0.729104177,-0.400000000,Moog Actual Tilt [deg],-0.070455073,47.900000000,48.300000000,47.826084163,47.755629090,1592.048452064,1856.709216964,238.660198955,58.480373570,True,free_filled_mask+manual_radius_scale,1616.652695552,2221.261305314,238.660198955,4.280278768,True,completed_disk_centroid_from_arc
2026-06-08T12:22:43,MeinelRoof_20260605_15_28_14.h5,/Volumes/LaCie/Data/2026_06_05/MeinelRoof_20260605_15_28_14.h5,p0,Aquistion_0,calibration_acqui_up_1,0.000000000,1.000000000,1.381818182,1.000000000,0.494438270,-1.494438270,-1.000000000,0.494438270,0.494438270,42.100000000,41.100000000,41.308497403,39.814059133,1424.000000000,1.631826816,-1.000000000,Moog Actual Tilt [deg],-0.137388546,47.900000000,48.900000000,47.826084163,47.688695617,1592.048452064,1856.709216964,238.660198955,58.480373570,True,free_filled_mask+manual_radius_scale,1609.395147296,2672.622625153,238.660198955,4.731403394,True,completed_disk_centroid_from_arc
2026-06-08T12:22:43,MeinelRoof_20260605_15_28_14.h5,/Volumes/LaCie/Data/2026_06_05/MeinelRoof_20260605_15_28_14.h5,p0,Aquistion_0,calibration_acqui_up_1p5,0.000000000,1.500000000,1.381818182,1.000000000,0.636056955,-2.036056955,-1.400000000,0.636056955,0.636056955,42.100000000,40.700000000,41.308497403,39.272440448,1424.000000000,2.243902958,-1.400000000,Moog Actual Tilt [deg],-0.207846003,47.900000000,49.300000000,47.826084163,47.618238160,1592.048452064,1856.709216964,238.660198955,58.480373570,True,free_filled_mask+manual_radius_scale,1607.702549128,2978.660695966,238.660198955,1.392751160,True,completed_disk_centroid_from_arc
2026-06-08T12:22:44,MeinelRoof_20260605_15_38_24.h5,/Volumes/LaCie/Data/2026_06_05/MeinelRoof_20260605_15_38_24.h5,p0,Aquistion_0,calibration_acqui_down_1p5,0.000000000,-1.500000000,1.381818182,1.000000000,-0.291658149,1.891658149,1.600000000,-0.291658149,0.291658149,44.400000000,46.000000000,43.407319604,45.298977754,1424.000000000,-1.733095160,1.600000000,Moog Actual Tilt [deg],-0.158562989,45.600000000,44.000000000,45.676841437,45.518278448,1678.065371637,1881.919479304,236.916726157,58.043532012,True,free_filled_mask+manual_radius_scale,1627.101120011,1015.371899256,236.916726157,4.457270727,True,completed_disk_centroid_from_arc
2026-06-08T12:22:44,MeinelRoof_20260605_15_38_24.h5,/Volumes/LaCie/Data/2026_06_05/MeinelRoof_20260605_15_38_24.h5,p0,Aquistion_0,calibration_acqui_down_1,0.000000000,-1.000000000,1.381818182,1.000000000,-0.303974644,1.203974644,0.900000000,-0.303974644,0.303974644,44.400000000,45.300000000,43.407319604,44.611294249,1424.000000000,-1.108836774,0.900000000,Moog Actual Tilt [deg],-0.095137870,45.600000000,44.700000000,45.676841437,45.581703567,1678.065371637,1881.919479304,236.916726157,58.043532012,True,free_filled_mask+manual_radius_scale,1632.502612316,1327.501092336,236.916726157,4.126392399,True,completed_disk_centroid_from_arc
2026-06-08T12:22:45,MeinelRoof_20260605_15_38_24.h5,/Volumes/LaCie/Data/2026_06_05/MeinelRoof_20260605_15_38_24.h5,p0,Aquistion_0,calibration_acqui_down_0p5,0.000000000,-0.500000000,1.381818182,1.000000000,0.265745733,0.134254267,0.400000000,0.265745733,0.265745733,44.400000000,44.800000000,43.407319604,43.541573872,1424.000000000,-0.102541624,0.400000000,Moog Actual Tilt [deg],-0.031712644,45.600000000,45.200000000,45.676841437,45.645128793,1678.065371637,1881.919479304,236.916726157,58.043532012,True,free_filled_mask+manual_radius_scale,1625.706183340,1830.648667525,236.916726157,6.482591121,True,completed_disk_centroid_from_arc
2026-06-08T12:22:45,MeinelRoof_20260605_15_38_24.h5,/Volumes/LaCie/Data/2026_06_05/MeinelRoof_20260605_15_38_24.h5,p0,Aquistion_0,calibration_acqui_up_0p5,0.000000000,0.500000000,1.381818182,1.000000000,-0.104092923,-0.395907077,-0.500000000,-0.104092923,0.104092923,44.400000000,43.900000000,43.407319604,43.011412527,1424.000000000,0.455808722,-0.500000000,Moog Actual Tilt [deg],-0.059901645,45.600000000,46.100000000,45.676841437,45.616939792,1678.065371637,1881.919479304,236.916726157,58.043532012,True,free_filled_mask+manual_radius_scale,1624.099244859,2109.823840323,236.916726157,5.458646326,True,completed_disk_centroid_from_arc
2026-06-08T12:22:46,MeinelRoof_20260605_15_38_24.h5,/Volumes/LaCie/Data/2026_06_05/MeinelRoof_20260605_15_38_24.h5,p0,Aquistion_0,calibration_acqui_up_1,0.000000000,1.000000000,1.381818182,1.000000000,0.408856611,-1.308856611,-0.900000000,0.408856611,0.408856611,44.400000000,43.500000000,43.407319604,42.098462993,1424.000000000,1.435707056,-0.900000000,Moog Actual Tilt [deg],-0.126850445,45.600000000,46.500000000,45.676841437,45.549990992,1678.065371637,1881.919479304,236.916726157,58.043532012,True,free_filled_mask+manual_radius_scale,1642.540436001,2599.773007310,236.916726157,3.840735615,True,completed_disk_centroid_from_arc
2026-06-08T12:22:47,MeinelRoof_20260605_15_38_24.h5,/Volumes/LaCie/Data/2026_06_05/MeinelRoof_20260605_15_38_24.h5,p0,Aquistion_0,calibration_acqui_up_1p5,0.000000000,1.500000000,1.381818182,1.000000000,0.492908895,-1.992908895,-1.500000000,0.492908895,0.492908895,44.400000000,42.900000000,43.407319604,41.414410709,1424.000000000,2.183184394,-1.500000000,Moog Actual Tilt [deg],-0.190275499,45.600000000,47.100000000,45.676841437,45.486565938,1678.065371637,1881.919479304,236.916726157,58.043532012,True,free_filled_mask+manual_radius_scale,1632.090007683,2973.511676397,236.916726157,1.373351875,True,completed_disk_centroid_from_arc
2026-06-08T12:22:47,MeinelRoof_20260605_15_47_52.h5,/Volumes/LaCie/Data/2026_06_05/MeinelRoof_20260605_15_47_52.h5,p0,Aquistion_0,calibration_acqui_down_1p5,0.000000000,-1.500000000,1.381818182,1.000000000,-0.111257036,1.611257036,1.500000000,-0.111257036,0.111257036,46.400000000,47.900000000,45.630328711,47.241585747,1424.000000000,-1.445693699,1.500000000,Moog Actual Tilt [deg],-0.165563337,43.600000000,42.100000000,43.675608413,43.510045076,1607.808838495,1771.031438138,236.307482947,57.892328135,True,free_filled_mask+manual_radius_scale,1598.459321808,1048.184588465,236.307482947,3.948424359,True,completed_disk_centroid_from_arc
2026-06-08T12:22:48,MeinelRoof_20260605_15_47_52.h5,/Volumes/LaCie/Data/2026_06_05/MeinelRoof_20260605_15_47_52.h5,p0,Aquistion_0,calibration_acqui_down_1,0.000000000,-1.000000000,1.381818182,1.000000000,-0.133209370,1.033209370,0.900000000,-0.133209370,0.133209370,46.400000000,47.300000000,45.630328711,46.663538081,1424.000000000,-0.931052443,0.900000000,Moog Actual Tilt [deg],-0.102156927,43.600000000,42.700000000,43.675608413,43.573451486,1607.808838495,1771.031438138,236.307482947,57.892328135,True,free_filled_mask+manual_radius_scale,1580.802799716,1305.505216526,236.307482947,4.236568886,True,completed_disk_centroid_from_arc
2026-06-08T12:22:48,MeinelRoof_20260605_15_47_52.h5,/Volumes/LaCie/Data/2026_06_05/MeinelRoof_20260605_15_47_52.h5,p0,Aquistion_0,calibration_acqui_down_0p5,0.000000000,-0.500000000,1.381818182,1.000000000,-0.147577651,0.547577651,0.400000000,-0.147577651,0.147577651,46.400000000,46.800000000,45.630328711,46.177906362,1424.000000000,-0.505305503,0.400000000,Moog Actual Tilt [deg],-0.042272149,43.600000000,43.200000000,43.675608413,43.633336264,1607.808838495,1771.031438138,236.307482947,57.892328135,True,free_filled_mask+manual_radius_scale,1615.070146195,1518.378686848,236.307482947,5.055597133,True,completed_disk_centroid_from_arc
2026-06-08T12:22:49,MeinelRoof_20260605_15_47_52.h5,/Volumes/LaCie/Data/2026_06_05/MeinelRoof_20260605_15_47_52.h5,p0,Aquistion_0,calibration_acqui_up_0p5,0.000000000,0.500000000,1.381818182,1.000000000,0.445290345,-0.945290345,-0.500000000,0.445290345,0.445290345,46.400000000,45.900000000,45.630328711,44.685038366,1424.000000000,1.019266312,-0.500000000,Moog Actual Tilt [deg],-0.073975968,43.600000000,44.100000000,43.675608413,43.601632445,1607.808838495,1771.031438138,236.307482947,57.892328135,True,free_filled_mask+manual_radius_scale,1635.623186659,2280.664594250,236.307482947,3.888867529,True,completed_disk_centroid_from_arc
2026-06-08T12:22:49,MeinelRoof_20260605_15_47_52.h5,/Volumes/LaCie/Data/2026_06_05/MeinelRoof_20260605_15_47_52.h5,p0,Aquistion_0,calibration_acqui_up_1,0.000000000,1.000000000,1.381818182,1.000000000,0.533214304,-1.533214304,-1.000000000,0.533214304,0.533214304,46.400000000,45.400000000,45.630328711,44.097114407,1424.000000000,1.667074566,-1.000000000,Moog Actual Tilt [deg],-0.133860262,43.600000000,44.600000000,43.675608413,43.541748151,1607.808838495,1771.031438138,236.307482947,57.892328135,True,free_filled_mask+manual_radius_scale,1591.056597927,2604.568721135,236.307482947,3.518638951,True,completed_disk_centroid_from_arc
2026-06-08T12:22:50,MeinelRoof_20260605_15_47_52.h5,/Volumes/LaCie/Data/2026_06_05/MeinelRoof_20260605_15_47_52.h5,p0,Aquistion_0,calibration_acqui_up_1p5,0.000000000,1.500000000,1.381818182,1.000000000,0.660153469,-2.260153469,-1.600000000,0.660153469,0.660153469,46.400000000,44.800000000,45.630328711,43.370175242,1424.000000000,2.460942134,-1.600000000,Moog Actual Tilt [deg],-0.200788665,43.600000000,45.200000000,43.675608413,43.474819747,1607.808838495,1771.031438138,236.307482947,57.892328135,True,free_filled_mask+manual_radius_scale,1603.765942183,3001.502505292,236.307482947,1.523371411,True,completed_disk_centroid_from_arc
2026-06-08T12:22:50,MeinelRoof_20260605_15_57_52.h5,/Volumes/LaCie/Data/2026_06_05/MeinelRoof_20260605_15_57_52.h5,p0,Aquistion_0,calibration_acqui_down_1p5,0.000000000,-1.500000000,1.381818182,1.000000000,-0.039223688,1.439223688,1.400000000,-0.039223688,0.039223688,48.500000000,49.900000000,47.796158004,49.235381691,1424.000000000,-1.259709379,1.400000000,Moog Actual Tilt [deg],-0.179514309,41.500000000,40.100000000,41.562705521,41.383191212,1585.000185359,1744.568237688,235.018512458,57.575262915,True,free_filled_mask+manual_radius_scale,1595.634144765,1114.713548280,235.018512458,3.816753192,True,completed_disk_centroid_from_arc
2026-06-08T12:22:51,MeinelRoof_20260605_15_57_52.h5,/Volumes/LaCie/Data/2026_06_05/MeinelRoof_20260605_15_57_52.h5,p0,Aquistion_0,calibration_acqui_down_1,0.000000000,-1.000000000,1.381818182,1.000000000,0.167396983,0.832603017,1.000000000,0.167396983,0.167396983,48.500000000,49.500000000,47.796158004,48.628761020,1424.000000000,-0.719964792,1.000000000,Moog Actual Tilt [deg],-0.112638225,41.500000000,40.500000000,41.562705521,41.450067296,1585.000185359,1744.568237688,235.018512458,57.575262915,True,free_filled_mask+manual_radius_scale,1580.435025600,1384.585841645,235.018512458,4.251185644,True,completed_disk_centroid_from_arc
2026-06-08T12:22:52,MeinelRoof_20260605_15_57_52.h5,/Volumes/LaCie/Data/2026_06_05/MeinelRoof_20260605_15_57_52.h5,p0,Aquistion_0,calibration_acqui_down_0p5,0.000000000,-0.500000000,1.381818182,1.000000000,0.069004172,0.430995828,0.500000000,0.069004172,0.069004172,48.500000000,49.000000000,47.796158004,48.227153832,1424.000000000,-0.378195914,0.500000000,Moog Actual Tilt [deg],-0.052799914,41.500000000,41.000000000,41.562705521,41.509905607,1585.000185359,1744.568237688,235.018512458,57.575262915,True,free_filled_mask+manual_radius_scale,1558.114224120,1555.470280554,235.018512458,5.418582274,True,completed_disk_centroid_from_arc
2026-06-08T12:22:52,MeinelRoof_20260605_15_57_52.h5,/Volumes/LaCie/Data/2026_06_05/MeinelRoof_20260605_15_57_52.h5,p0,Aquistion_0,calibration_acqui_up_0p5,0.000000000,0.500000000,1.381818182,1.000000000,0.616417654,-1.116417654,-0.500000000,0.616417654,0.616417654,48.500000000,48.000000000,47.796158004,46.679740350,1424.000000000,1.200896886,-0.500000000,Moog Actual Tilt [deg],-0.084479232,41.500000000,42.000000000,41.562705521,41.478226289,1585.000185359,1744.568237688,235.018512458,57.575262915,True,free_filled_mask+manual_radius_scale,1579.222646659,2345.016680528,235.018512458,3.537199538,True,completed_disk_centroid_from_arc
2026-06-08T12:22:53,MeinelRoof_20260605_15_57_52.h5,/Volumes/LaCie/Data/2026_06_05/MeinelRoof_20260605_15_57_52.h5,p0,Aquistion_0,calibration_acqui_up_1,0.000000000,1.000000000,1.381818182,1.000000000,0.493653810,-1.493653810,-1.000000000,0.493653810,0.493653810,48.500000000,47.500000000,47.796158004,46.302504194,1424.000000000,1.641490242,-1.000000000,Moog Actual Tilt [deg],-0.147836432,41.500000000,42.500000000,41.562705521,41.414869089,1585.000185359,1744.568237688,235.018512458,57.575262915,True,free_filled_mask+manual_radius_scale,1591.006337020,2565.313358793,235.018512458,2.967702533,True,completed_disk_centroid_from_arc
2026-06-08T12:22:53,MeinelRoof_20260605_15_57_52.h5,/Volumes/LaCie/Data/2026_06_05/MeinelRoof_20260605_15_57_52.h5,p0,Aquistion_0,calibration_acqui_up_1p5,0.000000000,1.500000000,1.381818182,1.000000000,0.770047335,-2.270047335,-1.500000000,0.770047335,0.770047335,48.500000000,47.000000000,47.796158004,45.526110668,1424.000000000,2.481239034,-1.500000000,Moog Actual Tilt [deg],-0.211191699,41.500000000,43.000000000,41.562705521,41.351513823,1585.000185359,1744.568237688,235.018512458,57.575262915,True,free_filled_mask+manual_radius_scale,1575.203634555,2985.187754640,235.018512458,1.131535459,True,completed_disk_centroid_from_arc
2026-06-08T12:22:54,MeinelRoof_20260605_16_08_19.h5,/Volumes/LaCie/Data/2026_06_05/MeinelRoof_20260605_16_08_19.h5,p0,Aquistion_0,calibration_acqui_down_1p5,0.000000000,-1.500000000,1.381818182,1.000000000,-0.130106667,1.530106667,1.400000000,-0.130106667,0.130106667,50.700000000,52.100000000,50.016749991,51.546856658,1424.000000000,-1.361369137,1.400000000,Moog Actual Tilt [deg],-0.168737530,39.300000000,37.900000000,39.356955872,39.188218342,1679.870365233,1737.147068257,234.138589868,57.345273560,True,free_filled_mask+manual_radius_scale,1660.178750275,1056.462499986,234.138589868,4.173457192,True,completed_disk_centroid_from_arc
2026-06-08T12:22:54,MeinelRoof_20260605_16_08_19.h5,/Volumes/LaCie/Data/2026_06_05/MeinelRoof_20260605_16_08_19.h5,p0,Aquistion_0,calibration_acqui_down_1,0.000000000,-1.000000000,1.381818182,1.000000000,0.058990732,0.941009268,1.000000000,0.058990732,0.058990732,50.700000000,51.700000000,50.016749991,50.957759260,1424.000000000,-0.835546006,1.000000000,Moog Actual Tilt [deg],-0.105463263,39.300000000,38.300000000,39.356955872,39.251492609,1679.870365233,1737.147068257,234.138589868,57.345273560,True,free_filled_mask+manual_radius_scale,1639.732092203,1319.374065476,234.138589868,3.446084796,True,completed_disk_centroid_from_arc
2026-06-08T12:22:55,MeinelRoof_20260605_16_08_19.h5,/Volumes/LaCie/Data/2026_06_05/MeinelRoof_20260605_16_08_19.h5,p0,Aquistion_0,calibration_acqui_down_0p5,0.000000000,-0.500000000,1.381818182,1.000000000,0.003814718,0.596185282,0.600000000,0.003814718,0.003814718,50.700000000,51.300000000,50.016749991,50.612935273,1424.000000000,-0.553999059,0.600000000,Moog Actual Tilt [deg],-0.042186222,39.300000000,38.700000000,39.356955872,39.314769650,1679.870365233,1737.147068257,234.138589868,57.345273560,True,free_filled_mask+manual_radius_scale,1620.615353382,1460.147538614,234.138589868,4.588075064,True,completed_disk_centroid_from_arc
2026-06-08T12:22:56,MeinelRoof_20260605_16_08_19.h5,/Volumes/LaCie/Data/2026_06_05/MeinelRoof_20260605_16_08_19.h5,p0,Aquistion_0,calibration_acqui_up_0p5,0.000000000,0.500000000,1.381818182,1.000000000,0.549479737,-0.949479737,-0.400000000,0.549479737,0.549479737,50.700000000,50.300000000,50.016749991,49.067270254,1424.000000000,1.023304825,-0.400000000,Moog Actual Tilt [deg],-0.073825088,39.300000000,39.700000000,39.356955872,39.283130784,1679.870365233,1737.147068257,234.138589868,57.345273560,True,free_filled_mask+manual_radius_scale,1641.712958216,2248.799480763,234.138589868,3.989433501,True,completed_disk_centroid_from_arc
2026-06-08T12:22:56,MeinelRoof_20260605_16_08_19.h5,/Volumes/LaCie/Data/2026_06_05/MeinelRoof_20260605_16_08_19.h5,p0,Aquistion_0,calibration_acqui_up_1,0.000000000,1.000000000,1.381818182,1.000000000,0.594948825,-1.594948825,-1.000000000,0.594948825,0.594948825,50.700000000,49.700000000,50.016749991,48.421801166,1424.000000000,1.732049570,-1.000000000,Moog Actual Tilt [deg],-0.137100745,39.300000000,40.300000000,39.356955872,39.219855128,1679.870365233,1737.147068257,234.138589868,57.345273560,True,free_filled_mask+manual_radius_scale,1653.780051341,2603.171853191,234.138589868,3.697740946,True,completed_disk_centroid_from_arc
2026-06-08T12:22:57,MeinelRoof_20260605_16_08_19.h5,/Volumes/LaCie/Data/2026_06_05/MeinelRoof_20260605_16_08_19.h5,p0,Aquistion_0,calibration_acqui_up_1p5,0.000000000,1.500000000,1.381818182,1.000000000,0.712467954,-2.212467954,-1.500000000,0.712467954,0.712467954,50.700000000,49.200000000,50.016749991,47.804282037,1424.000000000,2.412841571,-1.500000000,Moog Actual Tilt [deg],-0.200373616,39.300000000,40.800000000,39.356955872,39.156582256,1679.870365233,1737.147068257,234.138589868,57.345273560,True,free_filled_mask+manual_radius_scale,1592.472449066,2943.567853544,234.138589868,1.646496691,True,completed_disk_centroid_from_arc
2026-06-08T12:22:57,MeinelRoof_20260605_16_19_08.h5,/Volumes/LaCie/Data/2026_06_05/MeinelRoof_20260605_16_19_08.h5,p0,Aquistion_0,calibration_acqui_down_1p5,0.000000000,-1.500000000,1.381818182,1.000000000,-0.038170960,1.738170960,1.700000000,-0.038170960,0.038170960,52.900000000,54.600000000,52.216437429,53.954608389,1424.000000000,-1.569739715,1.700000000,Moog Actual Tilt [deg],-0.168431245,37.100000000,35.400000000,37.077311599,36.908880354,1530.992987902,1777.125485952,231.030529445,56.588105533,True,free_filled_mask+manual_radius_scale,1583.167206039,992.255628395,231.030529445,5.159569986,True,completed_disk_centroid_from_arc
2026-06-08T12:22:58,MeinelRoof_20260605_16_19_08.h5,/Volumes/LaCie/Data/2026_06_05/MeinelRoof_20260605_16_19_08.h5,p0,Aquistion_0,calibration_acqui_down_1,0.000000000,-1.000000000,1.381818182,1.000000000,-0.052543477,0.952543477,0.900000000,-0.052543477,0.052543477,52.900000000,53.800000000,52.216437429,53.168980906,1424.000000000,-0.847270948,0.900000000,Moog Actual Tilt [deg],-0.105272529,37.100000000,36.200000000,37.077311599,36.972039070,1530.992987902,1777.125485952,231.030529445,56.588105533,True,free_filled_mask+manual_radius_scale,1561.717233656,1353.490012028,231.030529445,3.225489481,True,completed_disk_centroid_from_arc
2026-06-08T12:22:58,MeinelRoof_20260605_16_19_08.h5,/Volumes/LaCie/Data/2026_06_05/MeinelRoof_20260605_16_19_08.h5,p0,Aquistion_0,calibration_acqui_down_0p5,0.000000000,-0.500000000,1.381818182,1.000000000,-0.019367854,0.519367854,0.500000000,-0.019367854,0.019367854,52.900000000,53.400000000,52.216437429,52.735805283,1424.000000000,-0.477257647,0.500000000,Moog Actual Tilt [deg],-0.042110207,37.100000000,36.600000000,37.077311599,37.035201392,1530.992987902,1777.125485952,231.030529445,56.588105533,True,free_filled_mask+manual_radius_scale,1542.764385452,1538.496662238,231.030529445,4.470569405,True,completed_disk_centroid_from_arc
2026-06-08T12:22:59,MeinelRoof_20260605_16_19_08.h5,/Volumes/LaCie/Data/2026_06_05/MeinelRoof_20260605_16_19_08.h5,p0,Aquistion_0,calibration_acqui_up_0p5,0.000000000,0.500000000,1.381818182,1.000000000,0.366215090,-0.766215090,-0.400000000,0.366215090,0.366215090,52.900000000,52.500000000,52.216437429,51.450222339,1424.000000000,0.839906907,-0.400000000,Moog Actual Tilt [deg],-0.073691817,37.100000000,37.500000000,37.077311599,37.003619782,1530.992987902,1777.125485952,231.030529445,56.588105533,True,free_filled_mask+manual_radius_scale,1564.485580503,2197.078939510,231.030529445,4.787399047,True,completed_disk_centroid_from_arc
2026-06-08T12:22:59,MeinelRoof_20260605_16_19_08.h5,/Volumes/LaCie/Data/2026_06_05/MeinelRoof_20260605_16_19_08.h5,p0,Aquistion_0,calibration_acqui_up_1,0.000000000,1.000000000,1.381818182,1.000000000,0.540032912,-1.440032912,-0.900000000,0.540032912,0.540032912,52.900000000,52.000000000,52.216437429,50.776404517,1424.000000000,1.576885251,-0.900000000,Moog Actual Tilt [deg],-0.136852339,37.100000000,38.000000000,37.077311599,36.940459260,1530.992987902,1777.125485952,231.030529445,56.588105533,True,free_filled_mask+manual_radius_scale,1574.371358077,2565.568111555,231.030529445,2.821968696,True,completed_disk_centroid_from_arc
2026-06-08T12:23:00,MeinelRoof_20260605_16_19_08.h5,/Volumes/LaCie/Data/2026_06_05/MeinelRoof_20260605_16_19_08.h5,p0,Aquistion_0,calibration_acqui_up_1p5,0.000000000,1.500000000,1.381818182,1.000000000,0.615752431,-2.115752431,-1.500000000,0.615752431,0.615752431,52.900000000,51.400000000,52.216437429,50.100684998,1424.000000000,2.315761675,-1.500000000,Moog Actual Tilt [deg],-0.200009244,37.100000000,38.600000000,37.077311599,36.877302355,1530.992987902,1777.125485952,231.030529445,56.588105533,True,free_filled_mask+manual_radius_scale,1578.628714609,2935.006323491,231.030529445,1.701042652,True,completed_disk_centroid_from_arc
2026-06-08T12:23:01,MeinelRoof_20260605_16_30_23.h5,/Volumes/LaCie/Data/2026_06_05/MeinelRoof_20260605_16_30_23.h5,p0,Aquistion_0,calibration_acqui_down_1p5,0.000000000,-1.500000000,1.381818182,1.000000000,-0.079814284,1.479814284,1.400000000,-0.079814284,0.079814284,55.300000000,56.700000000,54.583015888,56.062830172,1424.000000000,-1.308284224,1.400000000,Moog Actual Tilt [deg],-0.171530060,34.700000000,33.300000000,34.711272859,34.539742798,1605.171820662,1776.855626658,228.363111177,55.927050727,True,free_filled_mask+manual_radius_scale,1656.225570863,1122.713514649,228.363111177,3.356315238,True,completed_disk_centroid_from_arc
2026-06-08T12:23:01,MeinelRoof_20260605_16_30_23.h5,/Volumes/LaCie/Data/2026_06_05/MeinelRoof_20260605_16_30_23.h5,p0,Aquistion_0,calibration_acqui_down_1,0.000000000,-1.000000000,1.381818182,1.000000000,-0.078294484,1.078294484,1.000000000,-0.078294484,0.078294484,55.300000000,56.300000000,54.583015888,55.661310372,1424.000000000,-0.969771652,1.000000000,Moog Actual Tilt [deg],-0.108522832,34.700000000,33.700000000,34.711272859,34.602750027,1605.171820662,1776.855626658,228.363111177,55.927050727,True,free_filled_mask+manual_radius_scale,1637.506711013,1291.969800733,228.363111177,2.965321900,True,completed_disk_centroid_from_arc
2026-06-08T12:23:02,MeinelRoof_20260605_16_30_23.h5,/Volumes/LaCie/Data/2026_06_05/MeinelRoof_20260605_16_30_23.h5,p0,Aquistion_0,calibration_acqui_down_0p5,0.000000000,-0.500000000,1.381818182,1.000000000,0.016441047,0.583558953,0.600000000,0.016441047,0.016441047,55.300000000,55.900000000,54.583015888,55.166574841,1424.000000000,-0.538047784,0.600000000,Moog Actual Tilt [deg],-0.045511169,34.700000000,34.100000000,34.711272859,34.665761690,1605.171820662,1776.855626658,228.363111177,55.927050727,True,free_filled_mask+manual_radius_scale,1616.759443496,1507.831734618,228.363111177,4.181147488,True,completed_disk_centroid_from_arc
2026-06-08T12:23:02,MeinelRoof_20260605_16_30_23.h5,/Volumes/LaCie/Data/2026_06_05/MeinelRoof_20260605_16_30_23.h5,p0,Aquistion_0,calibration_acqui_up_0p5,0.000000000,0.500000000,1.381818182,1.000000000,0.395669741,-1.295669741,-0.900000000,0.395669741,0.395669741,55.300000000,54.400000000,54.583015888,53.287346147,1424.000000000,1.372687295,-0.900000000,Moog Actual Tilt [deg],-0.077017553,34.700000000,35.600000000,34.711272859,34.634255305,1605.171820662,1776.855626658,228.363111177,55.927050727,True,free_filled_mask+manual_radius_scale,1636.171101062,2463.199273917,228.363111177,2.853704240,True,completed_disk_centroid_from_arc
2026-06-08T12:23:03,MeinelRoof_20260605_16_30_23.h5,/Volumes/LaCie/Data/2026_06_05/MeinelRoof_20260605_16_30_23.h5,p0,Aquistion_0,calibration_acqui_up_1,0.000000000,1.000000000,1.381818182,1.000000000,0.414857053,-1.814857053,-1.400000000,0.414857053,0.414857053,55.300000000,53.900000000,54.583015888,52.768158835,1424.000000000,1.954884054,-1.400000000,Moog Actual Tilt [deg],-0.140027002,34.700000000,36.100000000,34.711272859,34.571245857,1605.171820662,1776.855626658,228.363111177,55.927050727,True,free_filled_mask+manual_radius_scale,1649.756740975,2754.297653874,228.363111177,3.034079804,True,completed_disk_centroid_from_arc
2026-06-08T12:23:04,MeinelRoof_20260605_16_30_23.h5,/Volumes/LaCie/Data/2026_06_05/MeinelRoof_20260605_16_30_23.h5,p0,Aquistion_0,calibration_acqui_up_1p5,0.000000000,1.500000000,1.381818182,1.000000000,0.607655412,-2.307655412,-1.700000000,0.607655412,0.607655412,55.300000000,53.600000000,54.583015888,52.275360476,1424.000000000,2.510687417,-1.700000000,Moog Actual Tilt [deg],-0.203032005,34.700000000,36.400000000,34.711272859,34.508240854,1605.171820662,1776.855626658,228.363111177,55.927050727,True,free_filled_mask+manual_radius_scale,1664.061902687,3032.199335051,228.363111177,1.310894232,True,completed_disk_centroid_from_arc
2026-06-08T12:23:04,MeinelRoof_20260605_16_42_03.h5,/Volumes/LaCie/Data/2026_06_05/MeinelRoof_20260605_16_42_03.h5,p0,Aquistion_0,calibration_acqui_down_1p5,0.000000000,-1.500000000,1.381818182,1.000000000,-0.206600720,1.706600720,1.500000000,-0.206600720,0.206600720,57.700000000,59.200000000,56.758488057,58.465088778,1424.000000000,-1.535583537,1.500000000,Moog Actual Tilt [deg],-0.171017183,32.300000000,30.800000000,32.264145896,32.093128713,1649.783484719,1912.683023365,227.356314538,55.674872285,True,free_filled_mask+manual_radius_scale,1699.482775362,1144.891254888,227.356314538,3.322179695,True,completed_disk_centroid_from_arc
2026-06-08T12:23:05,MeinelRoof_20260605_16_42_03.h5,/Volumes/LaCie/Data/2026_06_05/MeinelRoof_20260605_16_42_03.h5,p0,Aquistion_0,calibration_acqui_down_1,0.000000000,-1.000000000,1.381818182,1.000000000,-0.344749157,1.344749157,1.000000000,-0.344749157,0.344749157,57.700000000,58.700000000,56.758488057,58.103237214,1424.000000000,-1.236550081,1.000000000,Moog Actual Tilt [deg],-0.108199076,32.300000000,31.300000000,32.264145896,32.155946820,1649.783484719,1912.683023365,227.356314538,55.674872285,True,free_filled_mask+manual_radius_scale,1681.806685817,1294.407983064,227.356314538,2.682912192,True,completed_disk_centroid_from_arc
2026-06-08T12:23:05,MeinelRoof_20260605_16_42_03.h5,/Volumes/LaCie/Data/2026_06_05/MeinelRoof_20260605_16_42_03.h5,p0,Aquistion_0,calibration_acqui_down_0p5,0.000000000,-0.500000000,1.381818182,1.000000000,-0.136211271,0.836211271,0.700000000,-0.136211271,0.136211271,57.700000000,58.400000000,56.758488057,57.594699328,1424.000000000,-0.790835569,0.700000000,Moog Actual Tilt [deg],-0.045375701,32.300000000,31.600000000,32.264145896,32.218770195,1649.783484719,1912.683023365,227.356314538,55.674872285,True,free_filled_mask+manual_radius_scale,1661.191091949,1517.265238789,227.356314538,3.613522961,True,completed_disk_centroid_from_arc
2026-06-08T12:23:06,MeinelRoof_20260605_16_42_03.h5,/Volumes/LaCie/Data/2026_06_05/MeinelRoof_20260605_16_42_03.h5,p0,Aquistion_0,calibration_acqui_up_0p5,0.000000000,0.500000000,1.381818182,1.000000000,0.055700398,-0.455700398,-0.400000000,0.055700398,0.055700398,57.700000000,57.300000000,56.758488057,56.302787659,1424.000000000,0.532488444,-0.400000000,Moog Actual Tilt [deg],-0.076788046,32.300000000,32.700000000,32.264145896,32.187357850,1649.783484719,1912.683023365,227.356314538,55.674872285,True,free_filled_mask+manual_radius_scale,1676.818748578,2178.927245373,227.356314538,4.324558916,True,completed_disk_centroid_from_arc
2026-06-08T12:23:06,MeinelRoof_20260605_16_42_03.h5,/Volumes/LaCie/Data/2026_06_05/MeinelRoof_20260605_16_42_03.h5,p0,Aquistion_0,calibration_acqui_up_1,0.000000000,1.000000000,1.381818182,1.000000000,0.354284518,-1.154284518,-0.800000000,0.354284518,0.354284518,57.700000000,56.900000000,56.758488057,55.604203540,1424.000000000,1.293893307,-0.800000000,Moog Actual Tilt [deg],-0.139608790,32.300000000,33.100000000,32.264145896,32.124537107,1649.783484719,1912.683023365,227.356314538,55.674872285,True,free_filled_mask+manual_radius_scale,1697.048000697,2559.629676971,227.356314538,2.764441064,True,completed_disk_centroid_from_arc
2026-06-08T12:23:07,MeinelRoof_20260605_16_42_03.h5,/Volumes/LaCie/Data/2026_06_05/MeinelRoof_20260605_16_42_03.h5,p0,Aquistion_0,calibration_acqui_up_1p5,0.000000000,1.500000000,1.381818182,1.000000000,0.402442606,-1.902442606,-1.500000000,0.402442606,0.402442606,57.700000000,56.200000000,56.758488057,54.856045451,1424.000000000,2.104866861,-1.500000000,Moog Actual Tilt [deg],-0.202424255,32.300000000,33.800000000,32.264145896,32.061721641,1649.783484719,1912.683023365,227.356314538,55.674872285,True,free_filled_mask+manual_radius_scale,1711.287783943,2965.116454019,227.356314538,1.617309662,True,completed_disk_centroid_from_arc
2026-06-08T12:23:08,MeinelRoof_20260605_16_54_09.h5,/Volumes/LaCie/Data/2026_06_05/MeinelRoof_20260605_16_54_09.h5,p0,Aquistion_0,calibration_acqui_down_1p5,0.000000000,-1.500000000,1.381818182,1.000000000,-0.198980329,1.698980329,1.500000000,-0.198980329,0.198980329,60.200000000,61.700000000,59.436185449,61.135165779,1424.000000000,-1.528587575,1.500000000,Moog Actual Tilt [deg],-0.170392755,29.800000000,28.300000000,29.734497939,29.564105184,1716.021426009,1838.658305729,226.271769316,55.406022042,True,free_filled_mask+manual_radius_scale,1668.230387195,1074.364518428,226.271769316,4.432780670,True,completed_disk_centroid_from_arc
2026-06-08T12:23:08,MeinelRoof_20260605_16_54_09.h5,/Volumes/LaCie/Data/2026_06_05/MeinelRoof_20260605_16_54_09.h5,p0,Aquistion_0,calibration_acqui_down_1,0.000000000,-1.000000000,1.381818182,1.000000000,-0.293252327,1.193252327,0.900000000,-0.293252327,0.293252327,60.200000000,61.100000000,59.436185449,60.629437776,1424.000000000,-1.088924852,0.900000000,Moog Actual Tilt [deg],-0.104327474,29.800000000,28.900000000,29.734497939,29.630170465,1716.021426009,1838.658305729,226.271769316,55.406022042,True,free_filled_mask+manual_radius_scale,1648.605483471,1294.195879602,226.271769316,2.460959438,True,completed_disk_centroid_from_arc
2026-06-08T12:23:09,MeinelRoof_20260605_16_54_09.h5,/Volumes/LaCie/Data/2026_06_05/MeinelRoof_20260605_16_54_09.h5,p0,Aquistion_0,calibration_acqui_down_0p5,0.000000000,-0.500000000,1.381818182,1.000000000,-0.229672424,0.529672424,0.300000000,-0.229672424,0.229672424,60.200000000,60.500000000,59.436185449,59.965857873,1424.000000000,-0.484461770,0.300000000,Moog Actual Tilt [deg],-0.045210653,29.800000000,29.500000000,29.734497939,29.689287286,1716.021426009,1838.658305729,226.271769316,55.406022042,True,free_filled_mask+manual_radius_scale,1727.537380973,1596.427420562,226.271769316,3.870817330,True,completed_disk_centroid_from_arc
2026-06-08T12:23:09,MeinelRoof_20260605_16_54_09.h5,/Volumes/LaCie/Data/2026_06_05/MeinelRoof_20260605_16_54_09.h5,p0,Aquistion_0,calibration_acqui_up_0p5,0.000000000,0.500000000,1.381818182,1.000000000,0.117121946,-0.717121946,-0.600000000,0.117121946,0.117121946,60.200000000,59.600000000,59.436185449,58.719063504,1424.000000000,0.793630419,-0.600000000,Moog Actual Tilt [deg],-0.076508473,29.800000000,30.400000000,29.734497939,29.657989466,1716.021426009,1838.658305729,226.271769316,55.406022042,True,free_filled_mask+manual_radius_scale,1650.519848462,2235.473515050,226.271769316,4.265861970,True,completed_disk_centroid_from_arc
2026-06-08T12:23:10,MeinelRoof_20260605_16_54_09.h5,/Volumes/LaCie/Data/2026_06_05/MeinelRoof_20260605_16_54_09.h5,p0,Aquistion_0,calibration_acqui_up_1,0.000000000,1.000000000,1.381818182,1.000000000,0.377993162,-1.377993162,-1.000000000,0.377993162,0.377993162,60.200000000,59.200000000,59.436185449,58.058192287,1424.000000000,1.513615568,-1.000000000,Moog Actual Tilt [deg],-0.135622406,29.800000000,30.800000000,29.734497939,29.598875533,1716.021426009,1838.658305729,226.271769316,55.406022042,True,free_filled_mask+manual_radius_scale,1661.624246242,2595.466089813,226.271769316,3.311924492,True,completed_disk_centroid_from_arc
2026-06-08T12:23:11,MeinelRoof_20260605_16_54_09.h5,/Volumes/LaCie/Data/2026_06_05/MeinelRoof_20260605_16_54_09.h5,p0,Aquistion_0,calibration_acqui_up_1p5,0.000000000,1.500000000,1.381818182,1.000000000,0.507916645,-2.007916645,-1.500000000,0.507916645,0.507916645,60.200000000,58.700000000,59.436185449,57.428268805,1424.000000000,2.209601092,-1.500000000,Moog Actual Tilt [deg],-0.201684448,29.800000000,31.300000000,29.734497939,29.532813492,1716.021426009,1838.658305729,226.271769316,55.406022042,True,free_filled_mask+manual_radius_scale,1678.125365136,2943.458851917,226.271769316,1.627559085,True,completed_disk_centroid_from_arc
2026-06-08T12:23:11,MeinelRoof_20260605_17_07_03.h5,/Volumes/LaCie/Data/2026_06_05/MeinelRoof_20260605_17_07_03.h5,p0,Aquistion_0,calibration_acqui_down_1p5,0.000000000,-1.500000000,1.381818182,1.000000000,-0.028630487,1.628630487,1.600000000,-0.028630487,0.028630487,62.900000000,64.500000000,62.351470488,63.980100975,1424.000000000,-1.459006759,1.600000000,Moog Actual Tilt [deg],-0.169623728,27.100000000,25.500000000,27.048536906,26.878913178,1708.348714372,1723.996303125,220.001801933,53.865367734,True,free_filled_mask+manual_radius_scale,1688.623728827,994.492923827,220.001801933,5.390093257,True,completed_disk_centroid_from_arc
2026-06-08T12:23:12,MeinelRoof_20260605_17_07_03.h5,/Volumes/LaCie/Data/2026_06_05/MeinelRoof_20260605_17_07_03.h5,p0,Aquistion_0,calibration_acqui_down_1,0.000000000,-1.000000000,1.381818182,1.000000000,-0.081427479,1.081427479,1.000000000,-0.081427479,0.081427479,62.900000000,63.900000000,62.351470488,63.432897968,1424.000000000,-0.974108455,1.000000000,Moog Actual Tilt [deg],-0.107319025,27.100000000,26.100000000,27.048536906,26.941217881,1708.348714372,1723.996303125,220.001801933,53.865367734,True,free_filled_mask+manual_radius_scale,1742.760340383,1236.942075773,220.001801933,2.441889929,True,completed_disk_centroid_from_arc
2026-06-08T12:23:12,MeinelRoof_20260605_17_07_03.h5,/Volumes/LaCie/Data/2026_06_05/MeinelRoof_20260605_17_07_03.h5,p0,Aquistion_0,calibration_acqui_down_0p5,0.000000000,-0.500000000,1.381818182,1.000000000,-0.017272625,0.517272625,0.500000000,-0.017272625,0.017272625,62.900000000,63.400000000,62.351470488,62.868743113,1424.000000000,-0.472265339,0.500000000,Moog Actual Tilt [deg],-0.045007286,27.100000000,26.600000000,27.048536906,27.003529620,1708.348714372,1723.996303125,220.001801933,53.865367734,True,free_filled_mask+manual_radius_scale,1719.960193552,1487.863633564,220.001801933,3.285170121,True,completed_disk_centroid_from_arc
2026-06-08T12:23:13,MeinelRoof_20260605_17_07_03.h5,/Volumes/LaCie/Data/2026_06_05/MeinelRoof_20260605_17_07_03.h5,p0,Aquistion_0,calibration_acqui_up_0p5,0.000000000,0.500000000,1.381818182,1.000000000,0.361133848,-0.761133848,-0.400000000,0.361133848,0.361133848,62.900000000,62.500000000,62.351470488,61.590336640,1424.000000000,0.837297882,-0.400000000,Moog Actual Tilt [deg],-0.076164033,27.100000000,27.500000000,27.048536906,26.972372872,1708.348714372,1723.996303125,220.001801933,53.865367734,True,free_filled_mask+manual_radius_scale,1743.393023420,2142.645244002,220.001801933,5.175779901,True,completed_disk_centroid_from_arc
2026-06-08T12:23:14,MeinelRoof_20260605_17_07_03.h5,/Volumes/LaCie/Data/2026_06_05/MeinelRoof_20260605_17_07_03.h5,p0,Aquistion_0,calibration_acqui_up_1,0.000000000,1.000000000,1.381818182,1.000000000,0.547897652,-1.347897652,-0.800000000,0.547897652,0.547897652,62.900000000,62.100000000,62.351470488,61.003572837,1424.000000000,1.486369909,-0.800000000,Moog Actual Tilt [deg],-0.138472257,27.100000000,27.900000000,27.048536906,26.910064648,1708.348714372,1723.996303125,220.001801933,53.865367734,True,free_filled_mask+manual_radius_scale,1682.666002789,2467.181257449,220.001801933,3.525615522,True,completed_disk_centroid_from_arc
2026-06-08T12:23:14,MeinelRoof_20260605_17_07_03.h5,/Volumes/LaCie/Data/2026_06_05/MeinelRoof_20260605_17_07_03.h5,p0,Aquistion_0,calibration_acqui_up_1p5,0.000000000,1.500000000,1.381818182,1.000000000,0.544336357,-1.944336357,-1.400000000,0.544336357,0.544336357,62.900000000,61.500000000,62.351470488,60.407134132,1424.000000000,2.145109791,-1.400000000,Moog Actual Tilt [deg],-0.200773435,27.100000000,28.500000000,27.048536906,26.847763471,1708.348714372,1723.996303125,220.001801933,53.865367734,True,free_filled_mask+manual_radius_scale,1695.880307367,2796.551198864,220.001801933,2.321848939,True,completed_disk_centroid_from_arc
2026-06-08T12:23:15,MeinelRoof_20260605_17_20_25.h5,/Volumes/LaCie/Data/2026_06_05/MeinelRoof_20260605_17_20_25.h5,p0,Aquistion_0,calibration_acqui_down_1p5,0.000000000,-1.500000000,1.381818182,1.000000000,0.047624442,1.452375558,1.500000000,0.047624442,0.047624442,65.800000000,67.300000000,65.368800931,66.821176489,1424.000000000,-1.283662554,1.500000000,Moog Actual Tilt [deg],-0.168713003,24.200000000,22.700000000,24.279084951,24.110371948,1694.279574127,1600.057058864,213.473351129,52.264884591,True,free_filled_mask+manual_radius_scale,1756.660627942,958.225781674,213.473351129,5.684791654,True,completed_disk_centroid_from_arc
2026-06-08T12:23:15,MeinelRoof_20260605_17_20_25.h5,/Volumes/LaCie/Data/2026_06_05/MeinelRoof_20260605_17_20_25.h5,p0,Aquistion_0,calibration_acqui_down_1,0.000000000,-1.000000000,1.381818182,1.000000000,-0.119968823,1.119968823,1.000000000,-0.119968823,0.119968823,65.800000000,66.800000000,65.368800931,66.488769754,1424.000000000,-1.013225139,1.000000000,Moog Actual Tilt [deg],-0.106743684,24.200000000,23.200000000,24.279084951,24.172341267,1694.279574127,1600.057058864,213.473351129,52.264884591,True,free_filled_mask+manual_radius_scale,1728.428719878,1093.444489228,213.473351129,3.490198997,True,completed_disk_centroid_from_arc
2026-06-08T12:23:16,MeinelRoof_20260605_17_20_25.h5,/Volumes/LaCie/Data/2026_06_05/MeinelRoof_20260605_17_20_25.h5,p0,Aquistion_0,calibration_acqui_down_0p5,0.000000000,-0.500000000,1.381818182,1.000000000,-0.013715618,0.513715618,0.500000000,-0.013715618,0.013715618,65.800000000,66.300000000,65.368800931,65.882516549,1424.000000000,-0.468949255,0.500000000,Moog Actual Tilt [deg],-0.044766363,24.200000000,23.700000000,24.279084951,24.234318588,1694.279574127,1600.057058864,213.473351129,52.264884591,True,free_filled_mask+manual_radius_scale,1705.365900239,1365.582431341,213.473351129,2.508256470,True,completed_disk_centroid_from_arc
2026-06-08T12:23:16,MeinelRoof_20260605_17_20_25.h5,/Volumes/LaCie/Data/2026_06_05/MeinelRoof_20260605_17_20_25.h5,p0,Aquistion_0,calibration_acqui_up_0p5,0.000000000,0.500000000,1.381818182,1.000000000,0.538904973,-0.938904973,-0.400000000,0.538904973,0.538904973,65.800000000,65.400000000,65.368800931,64.429895958,1424.000000000,1.014660995,-0.400000000,Moog Actual Tilt [deg],-0.075756022,24.200000000,24.600000000,24.279084951,24.203328929,1694.279574127,1600.057058864,213.473351129,52.264884591,True,free_filled_mask+manual_radius_scale,1727.897823441,2107.387556610,213.473351129,6.867733590,True,completed_disk_centroid_from_arc
2026-06-08T12:23:17,MeinelRoof_20260605_17_20_25.h5,/Volumes/LaCie/Data/2026_06_05/MeinelRoof_20260605_17_20_25.h5,p0,Aquistion_0,calibration_acqui_up_1,0.000000000,1.000000000,1.381818182,1.000000000,0.701567242,-1.701567242,-1.000000000,0.701567242,0.701567242,65.800000000,64.800000000,65.368800931,63.667233688,1424.000000000,1.839296588,-1.000000000,Moog Actual Tilt [deg],-0.137729345,24.200000000,25.200000000,24.279084951,24.141355606,1694.279574127,1600.057058864,213.473351129,52.264884591,True,free_filled_mask+manual_radius_scale,1739.826082596,2519.705352803,213.473351129,4.366379107,True,completed_disk_centroid_from_arc
2026-06-08T12:23:17,MeinelRoof_20260605_17_20_25.h5,/Volumes/LaCie/Data/2026_06_05/MeinelRoof_20260605_17_20_25.h5,p0,Aquistion_0,calibration_acqui_up_1p5,0.000000000,1.500000000,1.381818182,1.000000000,0.722749196,-2.322749196,-1.600000000,0.722749196,0.722749196,65.800000000,64.200000000,65.368800931,63.046051735,1424.000000000,2.522443851,-1.600000000,Moog Actual Tilt [deg],-0.199694655,24.200000000,25.800000000,24.279084951,24.079390296,1694.279574127,1600.057058864,213.473351129,52.264884591,True,free_filled_mask+manual_radius_scale,1756.695990401,2861.278984594,213.473351129,1.942412704,True,completed_disk_centroid_from_arc
